#======================================================================================
# Kingdomino AI Experiment
#--------------------------------------------------------------------------------------
# 
# Player strategy:   FULL_GREEDY
# Opponent strategy: FULL_GREEDY
# 
# Max search time: 10 (s)
# Max playouts: 0
# Runs: 200
# 
# System: Mac 2.70GHz
# Output file: kdom_exp-20170402-220909-rev-6056b83-cpu-2.70GHz/kdom_exp_FULL_GREEDY_vs_FULL_GREEDY_T10_P0.m
# 
# Executing: 'java -jar out/kdom-exp.jar FULL_GREEDY FULL_GREEDY kdom_exp-20170402-220909-rev-6056b83-cpu-2.70GHz/kdom_exp_FULL_GREEDY_vs_FULL_GREEDY_T10_P0.m 10 0'
# Git Revision: 6056b83
#--------------------------------------------------------------------------------------

# win, score, num_players, available_moves(13), available_draft(13), chosen_draft_position(13), playouts_per_second(13), scores(13), score_diff, opponent_scores(3)
kdom_exp_FULL_GREEDY_vs_FULL_GREEDY_T0_1_P0 = [
-1, 59, 4, 3, 24, 84, 34, 40, 66, 21, 96, 24, 26, 6, 4, 1, 3, 1, 4, 2, 2, 3, 1, 4, 4, 2, 1, 2, 0, 4, 1, 3, 3, 2, 4, 1, 1, 3, 4, 3, 4, 0, 0.0, 0.0, 0.0, 0.0, 0.0, 0.0, 0.0, 0.0, 0.0, 0.0, 0.0, 0.0, 0.0, 10, 11, 11, 14, 18, 18, 21, 35, 41, 52, 57, 59, 59, -20, 42, 79, 42;
-1, 45, 4, 1, 48, 81, 14, 39, 40, 30, 24, 15, 9, 8, 1, 1, 1, 2, 3, 1, 3, 2, 3, 2, 3, 1, 4, 1, 0, 3, 2, 4, 2, 3, 2, 3, 2, 4, 1, 4, 2, 0, 0.0, 0.0, 0.0, 0.0, 0.0, 0.0, 0.0, 0.0, 0.0, 0.0, 0.0, 0.0, 0.0, 10, 10, 11, 14, 16, 19, 23, 30, 31, 39, 39, 45, 45, -22, 67, 50, 52;
1, 74, 4, 3, 72, 52, 152, 48, 46, 57, 72, 6, 22, 18, 2, 1, 3, 3, 2, 4, 2, 2, 3, 3, 2, 2, 2, 2, 0, 2, 3, 1, 3, 3, 2, 2, 3, 3, 3, 3, 1, 0, 0.0, 0.0, 0.0, 0.0, 0.0, 0.0, 0.0, 0.0, 0.0, 0.0, 0.0, 0.0, 0.0, 10, 11, 16, 16, 22, 26, 27, 36, 37, 47, 60, 74, 74, 32, 41, 41, 42;
-1, 57, 4, 2, 72, 31, 24, 22, 36, 22, 24, 10, 10, 16, 2, 1, 2, 3, 1, 2, 1, 3, 2, 3, 2, 2, 4, 2, 0, 2, 4, 3, 4, 2, 3, 2, 3, 3, 1, 3, 3, 0, 0.0, 0.0, 0.0, 0.0, 0.0, 0.0, 0.0, 0.0, 0.0, 0.0, 0.0, 0.0, 0.0, 10, 10, 16, 17, 27, 29, 34, 37, 43, 43, 47, 57, 57, -8, 32, 65, 59;
-1, 59, 4, 3, 24, 88, 54, 48, 54, 96, 12, 24, 26, 8, 6, 2, 3, 1, 4, 2, 3, 3, 4, 1, 4, 2, 1, 3, 0, 4, 1, 3, 2, 2, 1, 4, 1, 3, 4, 2, 4, 0, 0.0, 0.0, 0.0, 0.0, 0.0, 0.0, 0.0, 0.0, 0.0, 0.0, 0.0, 0.0, 0.0, 10, 12, 12, 17, 17, 22, 26, 34, 34, 38, 46, 48, 59, -12, 55, 56, 71;
-1, 40, 4, 3, 24, 88, 26, 34, 66, 23, 40, 8, 16, 3, 3, 1, 3, 1, 4, 2, 2, 3, 1, 4, 1, 4, 1, 3, 0, 4, 1, 3, 3, 2, 4, 1, 4, 1, 4, 2, 3, 0, 0.0, 0.0, 0.0, 0.0, 0.0, 0.0, 0.0, 0.0, 0.0, 0.0, 0.0, 0.0, 0.0, 10, 11, 11, 14, 17, 21, 28, 30, 32, 34, 36, 36, 40, -27, 67, 42, 41;
-1, 36, 4, 2, 48, 54, 16, 56, 25, 60, 18, 21, 6, 24, 4, 1, 2, 2, 2, 1, 4, 1, 3, 2, 3, 1, 4, 2, 0, 3, 3, 4, 1, 4, 2, 3, 2, 4, 1, 3, 4, 0, 0.0, 0.0, 0.0, 0.0, 0.0, 0.0, 0.0, 0.0, 0.0, 0.0, 0.0, 0.0, 0.0, 10, 11, 13, 15, 15, 19, 19, 22, 24, 27, 32, 36, 36, -21, 55, 49, 57;
-1, 38, 4, 4, 48, 32, 18, 34, 28, 60, 10, 24, 4, 24, 4, 2, 4, 2, 2, 1, 2, 2, 3, 2, 4, 1, 4, 1, 0, 3, 3, 4, 3, 3, 2, 3, 1, 4, 1, 4, 1, 0, 0.0, 0.0, 0.0, 0.0, 0.0, 0.0, 0.0, 0.0, 0.0, 0.0, 0.0, 0.0, 0.0, 10, 11, 12, 16, 18, 19, 19, 21, 23, 30, 32, 33, 38, -39, 37, 77, 52;
-1, 53, 4, 3, 24, 64, 13, 56, 33, 32, 8, 52, 3, 4, 6, 2, 3, 1, 4, 1, 4, 3, 4, 1, 4, 1, 2, 3, 0, 4, 1, 4, 1, 2, 1, 4, 1, 4, 3, 2, 3, 0, 0.0, 0.0, 0.0, 0.0, 0.0, 0.0, 0.0, 0.0, 0.0, 0.0, 0.0, 0.0, 0.0, 10, 11, 11, 14, 16, 21, 23, 32, 32, 45, 46, 48, 53, -14, 67, 49, 61;
-1, 52, 4, 4, 24, 48, 18, 6, 40, 15, 24, 12, 3, 40, 10, 2, 4, 1, 3, 1, 1, 4, 1, 4, 2, 1, 4, 2, 0, 4, 2, 4, 4, 1, 4, 1, 3, 4, 1, 3, 1, 0, 0.0, 0.0, 0.0, 0.0, 0.0, 0.0, 0.0, 0.0, 0.0, 0.0, 0.0, 0.0, 0.0, 10, 11, 11, 15, 17, 17, 25, 27, 31, 42, 42, 47, 52, -8, 60, 57, 49;
-1, 52, 4, 2, 72, 66, 84, 96, 7, 24, 16, 56, 4, 4, 1, 2, 2, 3, 3, 3, 4, 1, 4, 1, 4, 1, 4, 1, 0, 2, 2, 2, 1, 4, 1, 4, 1, 4, 1, 4, 2, 0, 0.0, 0.0, 0.0, 0.0, 0.0, 0.0, 0.0, 0.0, 0.0, 0.0, 0.0, 0.0, 0.0, 10, 11, 12, 15, 21, 25, 29, 37, 43, 46, 46, 52, 52, -12, 54, 58, 64;
-1, 43, 4, 4, 24, 72, 20, 72, 21, 16, 24, 24, 16, 16, 1, 1, 4, 1, 4, 1, 4, 1, 4, 4, 3, 2, 4, 1, 0, 4, 1, 4, 1, 4, 1, 1, 2, 3, 1, 4, 1, 0, 0.0, 0.0, 0.0, 0.0, 0.0, 0.0, 0.0, 0.0, 0.0, 0.0, 0.0, 0.0, 0.0, 10, 12, 12, 15, 19, 26, 26, 29, 34, 39, 41, 43, 43, -22, 65, 44, 38;
-1, 40, 4, 1, 96, 52, 152, 116, 48, 8, 26, 24, 2, 3, 4, 6, 1, 4, 2, 4, 4, 2, 2, 2, 3, 1, 3, 4, 0, 1, 3, 1, 1, 3, 3, 3, 2, 4, 2, 1, 4, 0, 0.0, 0.0, 0.0, 0.0, 0.0, 0.0, 0.0, 0.0, 0.0, 0.0, 0.0, 0.0, 0.0, 10, 10, 12, 12, 13, 22, 24, 31, 35, 39, 39, 39, 40, -21, 56, 61, 59;
1, 76, 4, 1, 72, 22, 64, 28, 32, 32, 28, 12, 9, 6, 8, 2, 1, 3, 1, 4, 2, 2, 2, 2, 3, 3, 1, 4, 0, 2, 4, 1, 3, 3, 3, 3, 2, 2, 4, 1, 4, 0, 0.0, 0.0, 0.0, 0.0, 0.0, 0.0, 0.0, 0.0, 0.0, 0.0, 0.0, 0.0, 0.0, 10, 11, 14, 14, 16, 17, 18, 27, 31, 33, 47, 51, 76, 10, 66, 52, 50;
-1, 41, 4, 3, 24, 64, 27, 42, 80, 38, 30, 56, 30, 1, 3, 1, 3, 1, 4, 1, 2, 4, 2, 2, 4, 3, 1, 3, 0, 4, 1, 4, 3, 1, 3, 3, 1, 2, 4, 2, 2, 0, 0.0, 0.0, 0.0, 0.0, 0.0, 0.0, 0.0, 0.0, 0.0, 0.0, 0.0, 0.0, 0.0, 10, 11, 11, 14, 16, 18, 24, 34, 36, 38, 41, 41, 41, -18, 56, 59, 55;
-1, 52, 4, 4, 24, 66, 36, 48, 21, 52, 12, 40, 12, 2, 8, 2, 4, 1, 3, 2, 3, 1, 4, 1, 4, 2, 1, 4, 0, 4, 2, 3, 2, 4, 1, 4, 1, 3, 4, 1, 3, 0, 0.0, 0.0, 0.0, 0.0, 0.0, 0.0, 0.0, 0.0, 0.0, 0.0, 0.0, 0.0, 0.0, 10, 12, 12, 12, 12, 16, 16, 19, 19, 26, 34, 34, 52, -8, 60, 46, 33;
-1, 37, 4, 3, 48, 32, 51, 14, 60, 20, 88, 3, 8, 3, 8, 1, 3, 2, 2, 3, 1, 3, 1, 4, 1, 4, 1, 4, 0, 3, 3, 2, 4, 2, 4, 1, 4, 1, 4, 1, 1, 0, 0.0, 0.0, 0.0, 0.0, 0.0, 0.0, 0.0, 0.0, 0.0, 0.0, 0.0, 0.0, 0.0, 10, 12, 13, 13, 15, 17, 22, 22, 28, 30, 37, 37, 37, -22, 59, 50, 49;
-1, 37, 4, 1, 72, 54, 25, 48, 6, 32, 7, 40, 24, 6, 3, 1, 1, 3, 2, 1, 4, 1, 4, 1, 4, 4, 2, 3, 0, 2, 3, 4, 1, 4, 1, 4, 1, 1, 3, 2, 1, 0, 0.0, 0.0, 0.0, 0.0, 0.0, 0.0, 0.0, 0.0, 0.0, 0.0, 0.0, 0.0, 0.0, 10, 10, 11, 15, 15, 18, 20, 29, 29, 29, 36, 37, 37, -26, 53, 63, 53;
1, 83, 4, 3, 48, 144, 28, 84, 28, 48, 100, 34, 27, 14, 9, 2, 3, 2, 4, 1, 3, 1, 2, 4, 2, 3, 2, 3, 0, 3, 1, 4, 2, 4, 3, 1, 3, 2, 3, 2, 1, 0, 0.0, 0.0, 0.0, 0.0, 0.0, 0.0, 0.0, 0.0, 0.0, 0.0, 0.0, 0.0, 0.0, 10, 11, 11, 14, 15, 20, 24, 33, 37, 49, 54, 62, 83, 34, 46, 39, 49;
1, 62, 4, 2, 72, 78, 75, 29, 12, 56, 10, 48, 5, 16, 4, 1, 2, 3, 3, 3, 1, 1, 4, 1, 4, 1, 4, 2, 0, 2, 2, 2, 4, 4, 1, 4, 1, 4, 1, 3, 4, 0, 0.0, 0.0, 0.0, 0.0, 0.0, 0.0, 0.0, 0.0, 0.0, 0.0, 0.0, 0.0, 0.0, 10, 11, 14, 16, 22, 24, 25, 32, 36, 46, 46, 54, 62, 8, 37, 54, 54;
1, 69, 4, 1, 96, 32, 75, 72, 19, 60, 16, 64, 45, 14, 12, 2, 1, 4, 2, 3, 3, 1, 3, 1, 4, 3, 2, 4, 0, 1, 3, 2, 2, 4, 2, 4, 1, 2, 3, 1, 1, 0, 0.0, 0.0, 0.0, 0.0, 0.0, 0.0, 0.0, 0.0, 0.0, 0.0, 0.0, 0.0, 0.0, 10, 10, 11, 14, 18, 23, 26, 32, 41, 45, 56, 60, 69, 11, 58, 56, 51;
1, 64, 4, 4, 48, 21, 56, 17, 28, 42, 28, 30, 8, 3, 5, 2, 4, 2, 1, 4, 1, 2, 3, 2, 3, 1, 1, 1, 0, 3, 4, 1, 4, 3, 2, 3, 2, 4, 4, 4, 4, 0, 0.0, 0.0, 0.0, 0.0, 0.0, 0.0, 0.0, 0.0, 0.0, 0.0, 0.0, 0.0, 0.0, 10, 12, 16, 16, 16, 18, 23, 26, 28, 30, 50, 58, 64, 1, 57, 63, 46;
1, 57, 4, 4, 24, 64, 13, 32, 15, 45, 7, 24, 5, 8, 20, 2, 4, 1, 4, 1, 4, 1, 3, 1, 4, 1, 4, 4, 0, 4, 1, 4, 1, 4, 2, 4, 1, 4, 1, 1, 2, 0, 0.0, 0.0, 0.0, 0.0, 0.0, 0.0, 0.0, 0.0, 0.0, 0.0, 0.0, 0.0, 0.0, 10, 12, 12, 16, 16, 24, 24, 33, 35, 43, 47, 49, 57, 7, 49, 50, 36;
-1, 56, 4, 3, 48, 104, 136, 102, 48, 84, 84, 2, 8, 4, 14, 2, 3, 2, 4, 4, 3, 2, 4, 3, 2, 1, 4, 2, 0, 3, 1, 1, 2, 3, 1, 2, 3, 4, 1, 3, 2, 0, 0.0, 0.0, 0.0, 0.0, 0.0, 0.0, 0.0, 0.0, 0.0, 0.0, 0.0, 0.0, 0.0, 10, 11, 13, 15, 17, 26, 37, 43, 45, 49, 49, 53, 56, -1, 57, 43, 41;
-1, 51, 4, 3, 72, 54, 56, 58, 84, 26, 44, 40, 30, 6, 8, 2, 3, 3, 2, 2, 2, 3, 1, 4, 4, 3, 3, 2, 0, 2, 3, 3, 3, 2, 4, 1, 1, 2, 2, 3, 2, 0, 0.0, 0.0, 0.0, 0.0, 0.0, 0.0, 0.0, 0.0, 0.0, 0.0, 0.0, 0.0, 0.0, 10, 11, 12, 14, 16, 17, 20, 21, 25, 31, 35, 40, 51, -24, 62, 59, 75;
1, 61, 4, 2, 24, 104, 64, 54, 42, 38, 38, 60, 10, 3, 24, 1, 2, 1, 4, 4, 3, 3, 2, 2, 3, 1, 3, 4, 0, 4, 1, 1, 2, 2, 3, 3, 2, 4, 2, 1, 3, 0, 0.0, 0.0, 0.0, 0.0, 0.0, 0.0, 0.0, 0.0, 0.0, 0.0, 0.0, 0.0, 0.0, 10, 11, 11, 11, 14, 16, 25, 38, 44, 46, 46, 58, 61, 12, 49, 35, 43;
