#======================================================================================
# Kingdomino AI Experiment
#--------------------------------------------------------------------------------------
# 
# Player strategy:   UCT_TR_C01
# Opponent strategy: FULL_GREEDY
# 
# Max search time: 0.5 (s)
# Max playouts: 0
# Runs: 10
# 
# System: Mac 2.70GHz
# Output file: kdom_exp-20180111-131633-rev-99eaab3-cpu-2.70GHz/kdom_exp_UCT_TR_C01_vs_FULL_GREEDY_T0.5_P0.m
# 
# Executing: 'java -jar out/kdom-exp.jar UCT_TR_C01 FULL_GREEDY 0.5 0 kdom_exp-20180111-131633-rev-99eaab3-cpu-2.70GHz/kdom_exp_UCT_TR_C01_vs_FULL_GREEDY_T0.5_P0.m'
# Git Revision: 99eaab3
#--------------------------------------------------------------------------------------

# win, score, num_players, available_moves(13), available_draft(13), chosen_draft_position(13), playouts_per_second(13), scores(13), score_diff, opponent_scores(3)
kdom_exp_UCT_TR_C01_vs_FULL_GREEDY_T0_5_P0 = [
-1, 36, 4, 3, 48, 54, 16, 76, 24, 11, 40, 8, 12, 4, 1, 1, 3, 2, 3, 1, 4, 2, 1, 4, 1, 4, 2, 1, 0, 3, 2, 4, 1, 3, 4, 1, 4, 1, 3, 4, 1, 0, 2835.0, 4504.5, 6476.8, 5577.0, 7808.6, 10451.7, 14673.4, 13201.7, 19236.5, 23138.1, 260988.7, 1222591.6, 1370406.8, 10, 10, 10, 11, 11, 14, 16, 18, 20, 21, 27, 30, 36, -32, 53, 67, 68;
1, 55, 4, 4, 24, 54, 16, 96, 28, 24, 7, 12, 12, 16, 1, 1, 4, 1, 3, 1, 4, 2, 4, 1, 3, 3, 4, 1, 0, 4, 2, 4, 1, 3, 1, 4, 2, 2, 1, 4, 4, 0, 1916.7, 5331.1, 6524.8, 5487.8, 8951.0, 7611.5, 10242.4, 15845.1, 28719.8, 34320.9, 31743.4, 1193326.5, 2544283.2, 10, 12, 13, 14, 14, 18, 22, 28, 35, 35, 43, 49, 55, 2, 51, 53, 47;
-1, 45, 4, 4, 24, 72, 80, 6, 64, 32, 7, 10, 24, 6, 12, 2, 4, 1, 4, 4, 1, 4, 4, 1, 2, 4, 1, 3, 0, 4, 1, 1, 4, 1, 1, 4, 3, 1, 4, 2, 1, 0, 1931.4, 5100.5, 6199.9, 4467.9, 9798.0, 7272.6, 9411.0, 16979.3, 22369.5, 25757.9, 52386.4, 533021.9, 1758116.3, 10, 12, 13, 13, 15, 19, 23, 30, 30, 30, 34, 36, 45, -11, 38, 56, 50;
-1, 71, 4, 4, 48, 66, 36, 19, 45, 11, 56, 7, 24, 6, 16, 1, 4, 2, 3, 3, 1, 3, 1, 4, 1, 4, 2, 4, 0, 3, 2, 2, 4, 2, 4, 1, 4, 1, 3, 1, 4, 0, 2395.9, 4702.8, 5704.8, 2912.4, 5701.8, 7305.9, 6769.2, 6136.8, 18975.0, 24304.6, 27272.0, 345659.0, 2774315.2, 10, 11, 12, 12, 17, 18, 23, 27, 30, 45, 47, 53, 71, -7, 78, 37, 65;
1, 62, 4, 1, 96, 21, 96, 32, 38, 14, 40, 2, 8, 24, 6, 2, 1, 4, 1, 4, 4, 2, 1, 4, 1, 4, 4, 2, 0, 1, 4, 1, 1, 3, 4, 1, 4, 1, 1, 3, 4, 0, 2645.1, 4212.5, 6917.9, 4903.4, 9134.9, 11235.2, 12804.1, 13854.0, 97411.3, 35044.8, 84829.7, 983565.2, 2391554.3, 10, 10, 12, 14, 14, 20, 34, 34, 37, 37, 45, 50, 62, 4, 58, 34, 52;
-1, 48, 4, 1, 96, 27, 30, 17, 34, 1, 3, 12, 18, 8, 18, 2, 1, 4, 1, 3, 1, 2, 1, 3, 1, 3, 4, 2, 0, 1, 4, 2, 4, 3, 4, 2, 4, 2, 1, 3, 3, 0, 3087.5, 4601.1, 6219.6, 5645.1, 9583.7, 5815.3, 12632.2, 12976.6, 24667.1, 22677.4, 31665.6, 474159.5, 1948404.8, 10, 10, 13, 13, 15, 19, 19, 19, 26, 32, 32, 40, 48, -16, 49, 58, 64;
-1, 55, 4, 2, 96, 18, 36, 72, 42, 32, 20, 9, 7, 16, 6, 2, 2, 4, 1, 3, 4, 3, 4, 2, 3, 1, 4, 2, 0, 1, 4, 2, 1, 2, 1, 3, 2, 4, 1, 3, 1, 0, 3021.2, 4057.5, 6783.7, 5289.3, 8991.4, 10191.7, 11101.1, 15700.8, 18463.6, 36603.5, 31449.4, 699050.2, 1339391.1, 10, 11, 14, 14, 14, 14, 16, 22, 22, 31, 33, 44, 55, -10, 41, 65, 61;
1, 78, 4, 2, 72, 36, 80, 14, 40, 22, 40, 16, 14, 9, 3, 2, 2, 3, 2, 4, 1, 4, 2, 4, 2, 2, 3, 3, 0, 2, 3, 1, 4, 1, 3, 1, 3, 3, 2, 2, 2, 0, 2673.2, 4350.1, 7050.5, 4945.3, 10387.8, 10357.9, 14857.4, 16563.7, 18708.9, 24353.6, 39884.7, 671027.8, 1704899.4, 10, 12, 13, 15, 16, 18, 23, 27, 36, 41, 55, 69, 78, 26, 39, 52, 51;
-1, 52, 4, 3, 48, 66, 32, 48, 18, 64, 24, 10, 4, 3, 20, 3, 3, 2, 3, 2, 3, 1, 4, 4, 2, 1, 3, 4, 0, 3, 2, 3, 2, 4, 1, 1, 3, 4, 2, 1, 3, 0, 2937.3, 4633.9, 6398.5, 6005.3, 8609.7, 7283.4, 11265.5, 15228.5, 30855.7, 30955.6, 108356.8, 242748.2, 1597563.4, 10, 11, 11, 12, 13, 14, 20, 20, 27, 31, 31, 41, 52, -7, 59, 40, 49;
1, 69, 4, 3, 72, 144, 64, 40, 90, 44, 96, 18, 40, 12, 2, 1, 3, 3, 4, 2, 2, 3, 2, 4, 3, 4, 3, 1, 0, 2, 1, 3, 3, 2, 3, 1, 2, 1, 2, 4, 4, 0, 2483.6, 4517.8, 6111.1, 5783.9, 9001.6, 9683.0, 12771.7, 14036.8, 20026.6, 24770.7, 40376.9, 1532820.7, 2724133.0, 10, 11, 13, 8, 15, 21, 32, 40, 43, 51, 68, 69, 69, 11, 58, 57, 27;
