#======================================================================================
# Kingdomino AI Experiment
#--------------------------------------------------------------------------------------
# 
# Player strategy:   UCT_TR_C01
# Opponent strategy: FULL_GREEDY
# 
# Max search time: 2 (s)
# Max playouts: 0
# Runs: 10
# 
# System: Mac 2.70GHz
# Output file: kdom_exp-20180111-131633-rev-99eaab3-cpu-2.70GHz/kdom_exp_UCT_TR_C01_vs_FULL_GREEDY_T2_P0.m
# 
# Executing: 'java -jar out/kdom-exp.jar UCT_TR_C01 FULL_GREEDY 2 0 kdom_exp-20180111-131633-rev-99eaab3-cpu-2.70GHz/kdom_exp_UCT_TR_C01_vs_FULL_GREEDY_T2_P0.m'
# Git Revision: 99eaab3
#--------------------------------------------------------------------------------------

# win, score, num_players, available_moves(13), available_draft(13), chosen_draft_position(13), playouts_per_second(13), scores(13), score_diff, opponent_scores(3)
kdom_exp_UCT_TR_C01_vs_FULL_GREEDY_T2_P0 = [
-1, 49, 4, 3, 72, 81, 44, 72, 42, 72, 12, 28, 8, 4, 4, 2, 3, 3, 3, 2, 4, 2, 4, 2, 4, 2, 4, 2, 0, 2, 2, 3, 1, 3, 1, 3, 1, 3, 1, 3, 1, 0, 4142.7, 5523.2, 6176.3, 8993.9, 9493.1, 12022.3, 13835.9, 25429.5, 24655.4, 144725.8, 133556.4, 807086.9, 1178223.9, 10, 11, 12, 15, 17, 22, 22, 26, 28, 35, 35, 44, 49, -5, 47, 54, 43;
0, 56, 4, 1, 96, 18, 102, 28, 33, 24, 21, 10, 12, 6, 8, 1, 1, 4, 1, 3, 2, 3, 3, 3, 2, 3, 2, 4, 0, 1, 4, 2, 3, 2, 2, 2, 3, 2, 3, 1, 4, 0, 4668.0, 5637.2, 6442.3, 8780.1, 9792.6, 11335.8, 12605.5, 14565.1, 21746.0, 32349.5, 348603.9, 566793.3, 2492050.8, 10, 10, 12, 12, 14, 14, 15, 22, 31, 33, 38, 40, 56, 0, 38, 48, 56;
-1, 60, 4, 1, 72, 54, 57, 20, 72, 12, 48, 24, 32, 21, 12, 2, 1, 3, 3, 3, 1, 4, 1, 4, 2, 4, 3, 3, 0, 2, 2, 2, 4, 1, 4, 1, 3, 1, 2, 2, 2, 0, 4037.3, 5638.4, 5824.2, 7255.9, 9596.6, 8179.4, 16062.2, 16023.7, 27321.4, 25018.5, 149600.3, 543224.0, 1801579.8, 10, 10, 10, 13, 19, 19, 22, 22, 26, 35, 45, 51, 60, -12, 58, 72, 48;
-1, 47, 4, 1, 96, 36, 64, 14, 18, 8, 40, 5, 14, 16, 1, 1, 1, 4, 2, 4, 1, 3, 1, 4, 1, 2, 4, 1, 0, 1, 3, 1, 4, 2, 4, 1, 4, 3, 1, 4, 3, 0, 4552.5, 5549.4, 6134.4, 8140.9, 10664.3, 10859.8, 13750.8, 13652.3, 25833.5, 26299.3, 59318.3, 1335147.6, 1774070.5, 10, 10, 11, 11, 13, 13, 18, 22, 24, 29, 31, 41, 47, -27, 61, 74, 31;
-1, 48, 4, 4, 48, 54, 48, 64, 40, 18, 48, 5, 12, 12, 2, 2, 4, 2, 3, 3, 4, 4, 2, 4, 1, 4, 2, 1, 0, 3, 2, 2, 1, 1, 3, 1, 4, 1, 3, 4, 1, 0, 4236.0, 6153.4, 5837.4, 8098.4, 9133.7, 10706.1, 15095.1, 17896.2, 25028.6, 25429.0, 166013.9, 1009793.4, 1232561.0, 10, 11, 12, 12, 15, 19, 21, 25, 30, 32, 35, 39, 48, -15, 36, 63, 42;
-1, 48, 4, 4, 24, 52, 48, 72, 12, 33, 56, 1, 4, 3, 6, 2, 4, 1, 2, 2, 4, 1, 3, 4, 1, 4, 1, 3, 0, 4, 3, 3, 1, 4, 2, 1, 4, 1, 4, 2, 1, 0, 4082.7, 6026.0, 6053.3, 8598.2, 8423.9, 11164.8, 11278.1, 14013.9, 21596.7, 29144.5, 393616.2, 750625.8, 1805710.4, 10, 12, 12, 13, 13, 21, 25, 31, 33, 33, 39, 40, 48, -11, 51, 59, 39;
1, 65, 4, 2, 72, 44, 80, 69, 32, 56, 18, 16, 8, 10, 9, 1, 2, 3, 2, 4, 3, 2, 4, 3, 2, 4, 2, 3, 0, 2, 3, 1, 2, 3, 1, 2, 3, 1, 3, 2, 3, 0, 4354.9, 5531.4, 6150.3, 7380.0, 9186.0, 10906.2, 11166.4, 18395.1, 19858.4, 21992.8, 182615.0, 707683.6, 2366414.8, 10, 11, 13, 13, 14, 17, 20, 24, 36, 44, 46, 47, 65, 1, 54, 33, 64;
-1, 35, 4, 3, 72, 54, 24, 30, 32, 39, 33, 30, 2, 9, 6, 1, 3, 3, 3, 2, 3, 2, 3, 3, 3, 1, 3, 3, 0, 2, 2, 3, 2, 3, 2, 2, 2, 4, 2, 2, 1, 0, 4054.0, 5660.3, 6103.9, 9078.2, 9137.1, 11135.4, 11942.6, 15612.7, 28236.7, 27170.1, 27836.4, 603693.5, 1539135.8, 10, 10, 11, 11, 12, 18, 21, 21, 24, 28, 32, 35, 35, -20, 55, 44, 41;
-1, 47, 4, 1, 72, 54, 48, 15, 24, 26, 56, 24, 10, 6, 16, 2, 1, 3, 3, 4, 1, 4, 2, 4, 4, 2, 2, 4, 0, 2, 2, 1, 4, 1, 3, 1, 1, 3, 3, 1, 4, 0, 4236.8, 5562.4, 6167.7, 8315.9, 10668.9, 11045.3, 14618.1, 14293.4, 22165.9, 52851.4, 355366.3, 584658.7, 2233219.0, 10, 10, 11, 11, 13, 13, 16, 16, 19, 24, 31, 33, 47, -4, 42, 51, 42;
1, 56, 4, 4, 96, 36, 48, 72, 12, 30, 24, 12, 15, 9, 6, 1, 4, 4, 2, 4, 4, 2, 3, 3, 2, 3, 3, 3, 0, 1, 3, 1, 1, 3, 2, 2, 3, 2, 2, 2, 4, 0, 4011.5, 5552.8, 6295.4, 7945.6, 8800.4, 10876.9, 14266.7, 17740.1, 33793.3, 52452.9, 290225.2, 878981.0, 2599796.0, 10, 10, 11, 11, 11, 14, 19, 24, 26, 28, 36, 42, 56, 3, 46, 49, 53;
