#======================================================================================
# Kingdomino AI Experiment
#--------------------------------------------------------------------------------------
# 
# Player strategy:   UCT_TR_C01
# Opponent strategy: FULL_GREEDY
# 
# Max search time: 5 (s)
# Max playouts: 0
# Runs: 10
# 
# System: Mac 2.70GHz
# Output file: kdom_exp-20180111-131633-rev-99eaab3-cpu-2.70GHz/kdom_exp_UCT_TR_C01_vs_FULL_GREEDY_T5_P0.m
# 
# Executing: 'java -jar out/kdom-exp.jar UCT_TR_C01 FULL_GREEDY 5 0 kdom_exp-20180111-131633-rev-99eaab3-cpu-2.70GHz/kdom_exp_UCT_TR_C01_vs_FULL_GREEDY_T5_P0.m'
# Git Revision: 99eaab3
#--------------------------------------------------------------------------------------

# win, score, num_players, available_moves(13), available_draft(13), chosen_draft_position(13), playouts_per_second(13), scores(13), score_diff, opponent_scores(3)
kdom_exp_UCT_TR_C01_vs_FULL_GREEDY_T5_P0 = [
1, 67, 4, 1, 96, 36, 32, 64, 10, 36, 36, 24, 32, 8, 8, 2, 1, 4, 2, 2, 4, 1, 3, 4, 3, 4, 2, 4, 0, 1, 3, 3, 1, 4, 2, 1, 2, 1, 3, 1, 3, 0, 4947.9, 6041.9, 7460.8, 9030.1, 9115.6, 13401.7, 15842.7, 22447.7, 46688.0, 73336.3, 284688.4, 408643.3, 2195583.8, 10, 10, 11, 12, 12, 16, 17, 22, 28, 30, 32, 55, 67, 1, 58, 58, 66;
-1, 58, 4, 1, 96, 36, 48, 14, 64, 56, 7, 24, 21, 9, 2, 1, 1, 4, 2, 3, 1, 4, 4, 1, 4, 3, 3, 1, 0, 1, 3, 2, 4, 1, 1, 4, 1, 2, 2, 4, 1, 0, 5052.2, 5806.6, 7826.3, 8508.6, 10063.3, 10485.4, 12004.9, 18651.5, 18559.3, 27105.9, 234173.2, 1183009.5, 1480535.5, 10, 10, 11, 12, 15, 17, 19, 28, 36, 49, 53, 58, 58, -10, 41, 68, 45;
-1, 47, 4, 4, 24, 66, 25, 44, 19, 36, 24, 10, 4, 16, 3, 1, 4, 1, 3, 1, 2, 1, 3, 3, 2, 2, 4, 1, 0, 4, 2, 4, 3, 4, 2, 2, 3, 3, 1, 4, 1, 0, 4870.8, 6651.0, 7108.8, 9359.8, 10515.7, 11693.2, 13181.9, 14558.9, 32624.5, 60208.4, 306614.3, 975502.0, 1276375.8, 10, 11, 11, 16, 20, 25, 28, 28, 29, 30, 36, 47, 47, -18, 65, 57, 61;
-1, 49, 4, 1, 72, 44, 18, 42, 16, 12, 32, 10, 12, 5, 4, 3, 1, 3, 2, 1, 3, 4, 2, 4, 2, 3, 1, 4, 0, 2, 3, 4, 2, 1, 3, 1, 3, 2, 4, 1, 3, 0, 4710.8, 6304.4, 7468.9, 9067.5, 9651.7, 10977.6, 15765.9, 15749.9, 23421.9, 34144.3, 425465.1, 541596.3, 1763076.7, 10, 10, 11, 13, 14, 14, 18, 18, 20, 24, 34, 34, 49, -42, 47, 34, 91;
1, 57, 4, 3, 48, 72, 32, 38, 30, 34, 4, 28, 8, 9, 2, 1, 3, 2, 4, 2, 2, 2, 2, 1, 4, 4, 3, 2, 0, 3, 1, 3, 3, 3, 3, 4, 1, 1, 2, 3, 3, 0, 4806.3, 6755.8, 7759.3, 9695.9, 12204.6, 15375.9, 16951.7, 21420.4, 22637.0, 24777.3, 317209.7, 1156317.5, 2107075.1, 10, 11, 11, 14, 15, 20, 27, 29, 29, 41, 45, 51, 57, 3, 53, 33, 54;
1, 62, 4, 3, 48, 116, 18, 40, 39, 48, 28, 6, 16, 8, 8, 1, 3, 2, 4, 1, 4, 3, 4, 2, 1, 4, 2, 4, 0, 3, 1, 4, 1, 2, 1, 3, 4, 1, 3, 1, 2, 0, 4800.0, 6528.2, 7072.9, 10173.2, 9700.0, 12809.2, 13285.5, 17241.4, 22563.5, 26662.8, 402224.7, 511828.6, 1606843.1, 10, 11, 12, 14, 14, 20, 26, 34, 44, 44, 47, 55, 62, 7, 55, 40, 42;
1, 45, 4, 3, 72, 88, 24, 28, 42, 42, 27, 12, 9, 6, 3, 1, 3, 3, 4, 2, 2, 3, 3, 3, 2, 3, 3, 3, 0, 2, 1, 3, 3, 2, 2, 2, 3, 2, 2, 2, 1, 0, 5130.6, 6214.2, 7123.2, 9202.5, 10437.4, 12421.5, 13488.5, 17758.3, 31072.6, 30953.3, 280175.1, 864945.0, 1730752.6, 10, 10, 11, 13, 17, 21, 27, 34, 37, 41, 45, 45, 45, 2, 43, 38, 40;
-1, 40, 4, 2, 72, 54, 60, 36, 20, 24, 10, 9, 32, 1, 15, 1, 2, 3, 3, 3, 3, 2, 4, 2, 1, 4, 1, 3, 0, 2, 2, 2, 2, 3, 1, 3, 4, 1, 4, 2, 4, 0, 5003.5, 6191.7, 7621.2, 9197.7, 11100.4, 12833.9, 18081.3, 22102.6, 26973.7, 24611.6, 424538.9, 540073.3, 2643851.2, 10, 10, 11, 11, 13, 15, 15, 20, 23, 25, 31, 32, 40, -16, 35, 30, 56;
1, 53, 4, 2, 48, 54, 60, 14, 72, 22, 48, 6, 10, 32, 4, 2, 2, 2, 3, 3, 1, 4, 2, 4, 1, 2, 4, 2, 0, 3, 2, 2, 4, 1, 3, 1, 4, 3, 1, 3, 4, 0, 4832.7, 7063.5, 7670.2, 8446.2, 10129.6, 10475.9, 17806.2, 15532.6, 26614.6, 176496.1, 260657.3, 974952.3, 2416416.0, 10, 11, 12, 13, 15, 17, 24, 29, 31, 34, 37, 41, 53, 2, 51, 36, 40;
-1, 51, 4, 3, 48, 104, 24, 72, 80, 33, 36, 18, 4, 6, 4, 3, 3, 2, 4, 1, 4, 4, 3, 3, 3, 1, 2, 4, 0, 3, 1, 4, 1, 1, 2, 2, 2, 4, 3, 1, 4, 0, 4797.6, 6499.3, 7154.9, 9720.8, 10111.8, 12961.0, 14109.8, 15479.2, 18630.7, 32009.2, 185984.1, 379127.2, 1703716.1, 10, 11, 11, 14, 14, 14, 21, 22, 32, 35, 40, 40, 51, -23, 50, 74, 44;
