#======================================================================================
# Kingdomino AI Experiment
#--------------------------------------------------------------------------------------
# 
# Player strategy:   MCE_FG_R
# Opponent strategy: FULL_GREEDY
# 
# Max search time: 4 (s)
# Max playouts: 0
# Runs: 200
# 
# System: Linux 3.20GHz
# Output file: kdom_exp-20170401-134843-rev-9365304-cpu-3.20GHz/kdom_exp_MCE_FG_R_vs_FULL_GREEDY_T4_P0.m
# 
# Executing: 'java -jar out/kdom-exp.jar MCE_FG_R FULL_GREEDY kdom_exp-20170401-134843-rev-9365304-cpu-3.20GHz/kdom_exp_MCE_FG_R_vs_FULL_GREEDY_T4_P0.m 4 0'
# Git Revision: 9365304
#--------------------------------------------------------------------------------------

# win, score, num_players, available_moves(13), available_draft(13), chosen_draft_position(13), playouts_per_second(13), scores(13), score_diff, opponent_scores(3)
kdom_exp_MCE_FG_R_vs_FULL_GREEDY_T4_P0 = [
1, 63, 4, 3, 96, 108, 62, 56, 36, 48, 60, 48, 16, 24, 15, 1, 3, 4, 4, 2, 2, 2, 3, 4, 4, 4, 4, 3, 0, 1, 1, 3, 3, 3, 2, 1, 1, 1, 1, 2, 2, 0, 13.9, 16.0, 17.9, 36.7, 54.0, 90.9, 127.0, 150.6, 292.3, 535.2, 1079.6, 5575.5, 17007.7, 10, 10, 11, 12, 13, 13, 15, 17, 24, 26, 32, 43, 63, 14, 49, 45, 38;
-1, 53, 4, 2, 24, 78, 58, 72, 69, 45, 22, 56, 30, 6, 16, 1, 2, 1, 3, 2, 3, 3, 3, 2, 4, 3, 1, 4, 0, 4, 2, 3, 2, 2, 2, 3, 1, 2, 4, 1, 3, 0, 15.6, 15.0, 17.9, 34.5, 43.5, 68.7, 113.0, 297.7, 403.1, 814.6, 2540.3, 3237.2, 28113.8, 10, 11, 3, 5, 7, 8, 14, 16, 18, 20, 21, 43, 53, -10, 38, 58, 63;
1, 78, 4, 4, 48, 72, 48, 72, 63, 72, 17, 56, 15, 4, 16, 2, 4, 2, 4, 3, 4, 3, 4, 1, 4, 3, 2, 4, 0, 3, 1, 2, 1, 2, 1, 4, 1, 2, 3, 1, 4, 0, 15.9, 17.9, 23.8, 30.4, 43.3, 70.6, 80.7, 289.0, 359.3, 954.2, 2699.4, 5081.9, 39482.6, 10, 11, 12, 12, 15, 16, 22, 23, 27, 38, 40, 58, 78, 17, 58, 51, 61;
1, 57, 4, 3, 96, 87, 64, 72, 24, 64, 33, 24, 2, 24, 6, 1, 3, 4, 3, 4, 3, 2, 4, 3, 3, 1, 4, 2, 0, 1, 2, 1, 2, 3, 1, 2, 2, 4, 1, 3, 2, 0, 16.8, 18.4, 20.9, 26.3, 40.0, 84.4, 104.6, 235.4, 471.5, 809.6, 854.9, 7275.7, 16004.8, 10, 11, 12, 12, 16, 19, 23, 26, 31, 33, 37, 48, 57, 16, 41, 41, 30;
-1, 59, 4, 2, 72, 64, 28, 64, 60, 17, 30, 32, 21, 16, 6, 1, 2, 3, 4, 2, 4, 3, 1, 3, 4, 3, 4, 2, 0, 2, 1, 3, 1, 2, 4, 2, 1, 2, 1, 3, 2, 0, 15.4, 17.8, 19.3, 34.7, 38.0, 57.6, 134.0, 137.1, 278.4, 761.4, 1347.9, 5942.7, 16049.5, 10, 11, 11, 14, 14, 14, 20, 20, 22, 36, 40, 51, 59, -8, 49, 67, 50;
1, 72, 4, 3, 72, 72, 116, 48, 46, 16, 4, 21, 24, 12, 9, 1, 3, 3, 2, 4, 3, 2, 2, 4, 3, 4, 2, 3, 0, 2, 3, 1, 2, 3, 3, 1, 2, 1, 3, 2, 3, 0, 14.7, 17.2, 20.3, 30.2, 41.7, 90.1, 135.9, 224.5, 412.0, 815.8, 2248.4, 5738.9, 26863.6, 10, 11, 11, 11, 11, 14, 24, 26, 34, 35, 41, 44, 72, 9, 63, 58, 54;
1, 67, 4, 1, 96, 72, 62, 50, 112, 51, 45, 18, 27, 8, 10, 2, 1, 4, 4, 2, 2, 4, 3, 3, 3, 3, 4, 2, 0, 1, 1, 3, 3, 1, 2, 2, 2, 2, 1, 3, 2, 0, 16.1, 19.5, 22.9, 45.2, 63.5, 75.3, 145.7, 249.6, 441.5, 1139.6, 2159.4, 9750.5, 16306.0, 10, 10, 10, 11, 12, 12, 18, 20, 24, 34, 36, 48, 67, 17, 31, 48, 50;
-1, 35, 4, 1, 96, 54, 25, 56, 12, 40, 10, 1, 2, 18, 4, 6, 1, 4, 3, 1, 4, 2, 4, 1, 1, 2, 3, 4, 0, 1, 2, 4, 1, 3, 1, 4, 4, 3, 2, 1, 4, 0, 15.5, 18.5, 20.7, 35.7, 42.8, 74.6, 89.5, 230.1, 428.8, 770.7, 1752.3, 3066.0, 36832.7, 10, 10, 10, 11, 11, 12, 12, 18, 22, 24, 28, 28, 35, -16, 42, 50, 51;
1, 72, 4, 3, 72, 78, 144, 52, 128, 128, 3, 42, 22, 16, 10, 2, 3, 3, 3, 4, 2, 4, 4, 3, 3, 2, 2, 2, 0, 2, 2, 1, 3, 1, 1, 2, 2, 3, 3, 3, 2, 0, 17.1, 20.6, 20.9, 28.8, 51.2, 63.4, 102.2, 160.5, 284.6, 855.0, 1885.0, 8370.1, 17619.3, 10, 11, 11, 11, 4, 6, 6, 6, 21, 32, 65, 71, 72, 5, 67, 54, 47;
1, 57, 4, 4, 48, 54, 46, 24, 17, 52, 8, 32, 18, 10, 8, 1, 4, 2, 3, 2, 2, 1, 4, 4, 4, 3, 2, 4, 0, 3, 2, 3, 3, 4, 1, 1, 1, 2, 3, 1, 4, 0, 15.2, 17.2, 19.5, 34.9, 53.0, 90.4, 112.2, 208.6, 328.8, 808.9, 2342.7, 3083.1, 38067.6, 10, 11, 11, 12, 14, 18, 19, 19, 21, 27, 44, 48, 57, 10, 41, 31, 47;
-1, 54, 4, 1, 96, 54, 20, 56, 38, 64, 15, 16, 24, 6, 8, 1, 1, 4, 3, 1, 4, 2, 4, 1, 4, 4, 2, 4, 0, 1, 2, 4, 1, 3, 1, 4, 1, 1, 3, 1, 3, 0, 18.6, 20.7, 24.0, 38.8, 43.5, 88.0, 94.5, 355.3, 359.4, 604.7, 2151.9, 3063.9, 28569.8, 10, 10, 10, 11, 11, 13, 15, 28, 28, 32, 39, 45, 54, -1, 46, 49, 55;
-1, 33, 4, 2, 96, 48, 26, 80, 42, 88, 7, 21, 7, 8, 3, 1, 2, 4, 3, 2, 4, 2, 4, 1, 3, 1, 4, 1, 0, 1, 2, 3, 1, 3, 1, 4, 2, 4, 1, 4, 2, 0, 16.6, 16.9, 25.2, 34.3, 37.4, 78.4, 91.2, 231.4, 409.5, 1388.9, 1505.0, 13917.0, 20825.5, 10, 10, 11, 12, 4, 9, 9, 10, 13, 21, 22, 33, 33, -53, 43, 85, 86;
1, 72, 4, 1, 96, 32, 69, 44, 69, 34, 12, 33, 40, 15, 4, 3, 1, 4, 2, 3, 2, 3, 2, 2, 3, 4, 3, 4, 0, 1, 3, 2, 3, 2, 3, 3, 2, 1, 2, 1, 4, 0, 16.2, 18.5, 19.6, 26.9, 38.5, 68.7, 106.0, 208.4, 392.5, 616.5, 1402.7, 2809.2, 37669.2, 10, 10, 11, 12, 13, 15, 19, 23, 34, 50, 63, 63, 72, 18, 54, 47, 53;
-1, 52, 4, 4, 24, 72, 112, 124, 48, 96, 33, 4, 56, 3, 4, 2, 4, 1, 4, 4, 4, 3, 4, 3, 4, 4, 1, 4, 0, 4, 1, 1, 1, 2, 1, 2, 1, 1, 4, 1, 2, 0, 15.6, 17.8, 19.9, 22.1, 32.0, 79.0, 112.9, 244.2, 388.2, 761.3, 2907.5, 3493.0, 16890.0, 10, 13, 13, 13, 14, 17, 25, 29, 29, 33, 44, 44, 52, -3, 49, 48, 55;
1, 66, 4, 2, 72, 144, 36, 56, 38, 56, 28, 40, 8, 4, 16, 1, 2, 3, 4, 3, 4, 2, 4, 2, 4, 1, 2, 4, 0, 2, 1, 2, 1, 3, 1, 3, 1, 4, 3, 1, 1, 0, 15.3, 15.9, 15.4, 33.2, 33.3, 94.2, 111.9, 246.2, 334.9, 1164.2, 2200.9, 3321.1, 14539.7, 10, 11, 1, 4, 8, 12, 16, 26, 26, 37, 38, 46, 66, 2, 61, 64, 54;
-1, 58, 4, 3, 96, 54, 12, 60, 16, 28, 48, 18, 24, 6, 2, 2, 3, 4, 2, 1, 3, 2, 2, 3, 3, 4, 2, 1, 0, 1, 3, 4, 2, 3, 3, 2, 2, 1, 3, 4, 2, 0, 15.4, 17.0, 23.5, 32.0, 43.3, 82.5, 140.6, 204.4, 438.7, 607.2, 2129.1, 12748.7, 18299.5, 10, 10, 11, 13, 16, 18, 29, 35, 37, 43, 47, 53, 58, -2, 49, 60, 37;
-1, 37, 4, 1, 96, 81, 92, 78, 104, 80, 72, 64, 45, 3, 8, 4, 1, 4, 3, 4, 3, 4, 4, 4, 4, 3, 3, 4, 0, 1, 2, 1, 2, 1, 1, 1, 1, 2, 2, 1, 3, 0, 14.7, 15.6, 17.6, 24.2, 44.0, 57.4, 106.7, 200.8, 389.6, 676.1, 1776.6, 3759.5, 28175.5, 10, 10, 11, 12, 12, 12, 12, 12, 17, 25, 25, 28, 37, -37, 74, 48, 73;
-1, 40, 4, 1, 48, 144, 40, 48, 58, 48, 30, 54, 30, 3, 4, 2, 1, 2, 4, 4, 4, 2, 4, 3, 3, 3, 3, 4, 0, 3, 1, 1, 1, 3, 1, 2, 2, 2, 2, 1, 3, 0, 14.6, 15.7, 16.2, 29.9, 35.4, 73.2, 112.4, 220.0, 537.6, 1055.1, 2752.1, 4276.7, 20668.5, 10, 10, 10, 11, 13, 16, 17, 23, 28, 36, 38, 38, 40, -25, 55, 41, 65;
1, 63, 4, 2, 72, 63, 120, 96, 28, 72, 36, 18, 3, 16, 2, 1, 2, 3, 3, 4, 3, 2, 4, 3, 3, 1, 4, 2, 0, 2, 2, 1, 2, 3, 1, 2, 2, 4, 1, 3, 2, 0, 16.1, 19.2, 27.1, 29.0, 40.4, 106.7, 141.5, 251.2, 489.0, 1202.1, 2112.1, 9873.8, 21566.6, 10, 11, 14, 14, 17, 18, 20, 33, 36, 43, 45, 47, 63, 11, 38, 52, 43;
1, 65, 4, 1, 24, 72, 72, 28, 24, 40, 12, 56, 16, 9, 16, 1, 1, 1, 4, 4, 2, 4, 4, 2, 4, 2, 3, 4, 0, 4, 1, 1, 3, 1, 1, 3, 1, 3, 2, 1, 3, 0, 14.6, 15.8, 17.2, 21.6, 56.2, 68.7, 128.8, 237.0, 277.4, 1030.5, 2094.3, 4255.0, 25443.5, 10, 11, 11, 11, 12, 14, 16, 21, 23, 32, 34, 50, 65, 15, 40, 46, 50;
-1, 60, 4, 3, 72, 104, 104, 34, 78, 22, 33, 30, 7, 8, 15, 2, 3, 3, 4, 4, 2, 3, 2, 3, 3, 1, 4, 3, 0, 2, 1, 1, 3, 2, 3, 2, 2, 4, 1, 2, 1, 0, 15.7, 16.8, 19.7, 27.2, 47.6, 62.4, 99.2, 181.8, 599.4, 1381.3, 1578.1, 5691.4, 15143.9, 10, 11, 11, 11, 13, 17, 20, 28, 33, 46, 46, 49, 60, -4, 51, 64, 44;
1, 74, 4, 2, 96, 93, 90, 72, 28, 26, 9, 48, 12, 16, 6, 1, 2, 4, 3, 3, 4, 2, 2, 1, 4, 2, 4, 3, 0, 1, 2, 2, 1, 3, 3, 4, 1, 3, 1, 2, 3, 0, 14.3, 16.8, 17.8, 25.7, 33.2, 56.9, 109.1, 289.0, 346.7, 802.1, 1474.7, 5068.4, 25362.2, 10, 10, 13, 14, 14, 15, 20, 30, 30, 32, 38, 40, 74, 16, 58, 57, 44;
-1, 62, 4, 4, 96, 48, 80, 42, 66, 51, 45, 39, 48, 32, 12, 1, 4, 4, 3, 4, 2, 3, 3, 3, 3, 4, 4, 3, 0, 1, 2, 1, 3, 2, 2, 2, 2, 1, 1, 2, 4, 0, 15.6, 18.0, 27.4, 34.8, 56.0, 74.5, 153.2, 251.2, 471.9, 744.2, 1860.1, 6364.2, 42229.1, 10, 10, 11, 13, 15, 15, 21, 21, 24, 31, 41, 53, 62, -8, 46, 70, 40;
1, 65, 4, 4, 48, 88, 72, 20, 48, 96, 34, 14, 12, 4, 8, 1, 4, 2, 4, 4, 1, 4, 4, 2, 2, 3, 1, 4, 0, 3, 1, 1, 4, 1, 1, 3, 3, 2, 4, 1, 4, 0, 15.8, 16.5, 20.2, 33.6, 58.5, 62.6, 131.7, 447.5, 625.8, 1105.4, 3691.5, 4049.0, 37625.0, 10, 11, 11, 12, 13, 13, 13, 18, 32, 40, 48, 50, 65, 10, 45, 55, 40;
