#======================================================================================
# Kingdomino AI Experiment
#--------------------------------------------------------------------------------------
# 
# Player strategy:   MCE_FG_R
# Opponent strategy: FULL_GREEDY
# 
# Max search time: 1 (s)
# Max playouts: 0
# Runs: 200
# 
# System: Linux 3.20GHz
# Output file: kdom_exp-20170401-134843-rev-9365304-cpu-3.20GHz/kdom_exp_MCE_FG_R_vs_FULL_GREEDY_T1_P0.m
# 
# Executing: 'java -jar out/kdom-exp.jar MCE_FG_R FULL_GREEDY kdom_exp-20170401-134843-rev-9365304-cpu-3.20GHz/kdom_exp_MCE_FG_R_vs_FULL_GREEDY_T1_P0.m 1 0'
# Git Revision: 9365304
#--------------------------------------------------------------------------------------

# win, score, num_players, available_moves(13), available_draft(13), chosen_draft_position(13), playouts_per_second(13), scores(13), score_diff, opponent_scores(3)
kdom_exp_MCE_FG_R_vs_FULL_GREEDY_T1_P0 = [
1, 58, 4, 2, 72, 112, 40, 34, 88, 56, 32, 12, 24, 12, 8, 1, 2, 3, 4, 4, 2, 4, 2, 4, 2, 4, 3, 4, 0, 2, 1, 1, 3, 1, 3, 1, 3, 1, 2, 1, 4, 0, 12.7, 16.6, 22.7, 25.7, 58.6, 64.8, 128.6, 185.0, 638.2, 701.9, 2478.1, 4434.0, 40190.1, 10, 11, 13, 13, 14, 16, 17, 24, 33, 35, 40, 58, 58, 3, 42, 54, 55;
-1, 45, 4, 4, 48, 66, 14, 32, 72, 34, 24, 40, 14, 12, 9, 1, 4, 2, 3, 1, 4, 4, 2, 4, 4, 2, 3, 3, 0, 3, 2, 4, 1, 1, 3, 1, 1, 3, 2, 2, 3, 0, 10.6, 14.6, 21.4, 43.8, 53.2, 71.2, 235.9, 308.9, 601.1, 1539.4, 2087.8, 6747.7, 25937.7, 10, 11, 1, 2, 2, 2, 5, 5, 9, 18, 29, 34, 45, -11, 47, 56, 35;
-1, 49, 4, 1, 96, 16, 80, 14, 40, 54, 51, 24, 28, 15, 8, 1, 1, 4, 1, 4, 1, 4, 3, 3, 3, 4, 3, 4, 0, 1, 4, 1, 4, 1, 2, 2, 2, 1, 2, 1, 3, 0, 10.8, 17.9, 26.5, 25.4, 71.8, 84.3, 140.8, 288.9, 543.6, 1301.4, 2678.8, 5061.8, 18109.3, 10, 10, 12, 12, 14, 14, 20, 21, 23, 23, 32, 36, 49, -2, 48, 42, 51;
1, 77, 4, 4, 72, 54, 120, 56, 78, 44, 39, 20, 14, 18, 4, 1, 4, 3, 3, 4, 2, 3, 2, 3, 4, 2, 3, 2, 0, 2, 2, 1, 3, 2, 3, 2, 1, 3, 2, 3, 1, 0, 11.9, 16.2, 23.8, 28.8, 46.4, 92.1, 133.5, 198.9, 317.3, 1157.4, 1590.0, 8573.3, 13364.5, 10, 10, 11, 11, 13, 18, 20, 27, 29, 34, 39, 71, 77, 11, 29, 54, 66;
1, 73, 4, 2, 96, 54, 64, 88, 42, 17, 32, 6, 16, 21, 8, 2, 2, 4, 3, 4, 4, 3, 1, 4, 1, 4, 3, 2, 0, 1, 2, 1, 1, 2, 4, 1, 4, 1, 2, 3, 3, 0, 12.9, 15.3, 19.3, 28.5, 48.9, 80.0, 137.9, 159.6, 449.5, 509.5, 1599.8, 8238.9, 22232.8, 10, 10, 11, 14, 14, 18, 19, 19, 31, 31, 38, 57, 73, 17, 44, 56, 47;
-1, 54, 4, 2, 72, 63, 76, 84, 6, 45, 72, 10, 12, 8, 16, 2, 2, 3, 3, 4, 4, 3, 3, 4, 2, 2, 4, 4, 0, 2, 2, 1, 1, 2, 2, 1, 3, 3, 1, 1, 1, 0, 11.8, 15.2, 22.2, 26.7, 45.6, 64.0, 116.7, 182.3, 622.4, 1140.1, 1653.3, 3742.2, 13693.6, 10, 10, 12, 13, 14, 14, 15, 17, 21, 22, 22, 38, 54, -1, 55, 40, 54;
-1, 46, 4, 4, 24, 63, 104, 14, 84, 1, 64, 18, 7, 32, 6, 2, 4, 1, 3, 4, 1, 4, 1, 4, 3, 1, 4, 3, 0, 4, 2, 1, 4, 1, 4, 1, 2, 4, 1, 2, 2, 0, 12.3, 14.1, 17.8, 17.6, 44.2, 43.8, 156.9, 205.7, 344.0, 957.9, 1332.2, 5689.2, 17926.6, 10, 11, 12, 14, 16, 16, 16, 18, 22, 32, 34, 43, 46, -4, 50, 42, 49;
-1, 52, 4, 2, 72, 104, 48, 66, 56, 39, 32, 10, 12, 9, 6, 2, 2, 3, 4, 3, 3, 4, 3, 4, 2, 2, 3, 3, 0, 2, 1, 2, 2, 1, 2, 1, 3, 3, 2, 2, 3, 0, 11.7, 17.8, 15.4, 26.6, 58.5, 78.2, 163.6, 233.8, 443.9, 713.3, 1516.6, 3375.2, 24808.9, 10, 10, 10, 11, 12, 14, 15, 21, 23, 30, 32, 39, 52, -2, 42, 53, 54;
0, 56, 4, 3, 48, 104, 60, 112, 48, 8, 24, 32, 24, 10, 24, 1, 3, 2, 4, 2, 4, 4, 1, 4, 4, 3, 2, 4, 0, 3, 1, 3, 1, 1, 4, 1, 1, 2, 3, 1, 4, 0, 11.5, 14.9, 17.4, 30.4, 49.7, 104.9, 210.9, 214.7, 439.7, 1154.5, 2792.9, 4909.0, 40749.7, 10, 11, 13, 14, 14, 15, 19, 19, 27, 29, 40, 40, 56, 0, 40, 56, 48;
1, 56, 4, 1, 96, 64, 45, 46, 56, 8, 20, 32, 15, 12, 2, 1, 1, 4, 4, 3, 2, 4, 2, 2, 4, 3, 3, 2, 0, 1, 1, 2, 3, 1, 3, 3, 1, 2, 2, 3, 3, 0, 11.7, 16.7, 18.9, 25.5, 38.7, 47.8, 102.3, 244.0, 309.6, 559.9, 1644.5, 8239.3, 26364.4, 10, 10, 10, 11, 12, 13, 14, 17, 17, 29, 37, 47, 56, 1, 55, 53, 34;
1, 68, 4, 2, 72, 63, 56, 60, 39, 54, 32, 24, 14, 40, 15, 1, 2, 3, 3, 4, 3, 3, 3, 2, 4, 2, 4, 3, 0, 2, 2, 1, 2, 2, 2, 3, 1, 3, 1, 2, 2, 0, 11.2, 15.9, 21.5, 24.2, 46.3, 74.4, 140.7, 379.8, 452.3, 1224.9, 1807.3, 4408.6, 19881.9, 10, 11, 12, 13, 16, 17, 19, 20, 27, 45, 47, 53, 68, 8, 53, 51, 60;
-1, 48, 4, 1, 48, 64, 120, 24, 9, 52, 24, 40, 16, 4, 8, 1, 1, 2, 4, 4, 4, 1, 4, 4, 4, 2, 2, 4, 0, 3, 1, 1, 1, 4, 1, 1, 1, 3, 3, 1, 2, 0, 12.0, 16.0, 22.4, 30.8, 43.8, 109.0, 138.2, 227.3, 455.7, 1132.2, 2462.5, 4157.6, 21031.4, 10, 10, 10, 10, 10, 13, 14, 16, 18, 25, 29, 33, 48, -6, 45, 54, 42;
-1, 74, 4, 3, 48, 66, 27, 96, 16, 12, 33, 48, 18, 12, 9, 1, 3, 2, 3, 1, 4, 1, 1, 3, 4, 2, 3, 3, 0, 3, 2, 4, 1, 4, 4, 2, 1, 3, 2, 2, 4, 0, 12.8, 17.3, 20.4, 35.4, 42.8, 95.6, 138.7, 241.8, 294.1, 1061.4, 2372.0, 7859.4, 38270.9, 10, 11, 13, 14, 16, 18, 20, 21, 23, 26, 49, 52, 74, -1, 51, 37, 75;
-1, 40, 4, 4, 96, 36, 60, 68, 57, 88, 7, 45, 26, 6, 24, 2, 4, 4, 2, 3, 4, 3, 4, 1, 3, 2, 3, 4, 0, 1, 3, 2, 1, 2, 1, 4, 2, 3, 2, 1, 1, 0, 11.5, 14.8, 23.5, 24.9, 34.1, 68.6, 92.6, 344.1, 561.4, 1541.9, 2745.4, 5662.1, 13000.7, 10, 10, 11, 11, 11, 12, 12, 14, 14, 18, 18, 20, 40, -28, 68, 60, 57;
1, 68, 4, 2, 72, 52, 128, 54, 51, 42, 66, 44, 16, 16, 6, 1, 2, 3, 2, 4, 3, 3, 2, 3, 4, 4, 4, 3, 0, 2, 3, 1, 2, 2, 3, 2, 1, 1, 1, 2, 2, 0, 11.9, 17.9, 23.5, 32.3, 56.4, 78.9, 150.7, 226.7, 320.4, 483.7, 1241.2, 5943.4, 16941.0, 10, 11, 12, 12, 14, 16, 21, 25, 29, 33, 51, 58, 68, 12, 56, 53, 49;
1, 60, 4, 4, 72, 64, 80, 16, 45, 32, 24, 20, 24, 4, 4, 1, 4, 3, 4, 4, 1, 3, 2, 3, 4, 4, 2, 4, 0, 2, 1, 1, 4, 2, 3, 2, 1, 1, 3, 1, 3, 0, 11.6, 18.9, 21.9, 25.0, 56.6, 88.3, 152.9, 273.4, 594.6, 875.1, 3445.7, 4626.2, 23711.1, 10, 11, 11, 13, 15, 17, 9, 14, 32, 40, 54, 54, 60, 6, 51, 52, 54;
1, 54, 4, 3, 48, 64, 120, 30, 48, 44, 5, 8, 21, 6, 6, 1, 3, 2, 4, 4, 3, 4, 4, 1, 4, 3, 3, 2, 0, 3, 1, 1, 2, 1, 1, 4, 1, 2, 2, 3, 1, 0, 11.8, 17.7, 22.2, 40.6, 48.9, 66.2, 108.8, 296.9, 357.5, 600.9, 2524.4, 6931.7, 11897.5, 10, 11, 11, 11, 11, 13, 18, 23, 27, 28, 36, 45, 54, 7, 47, 39, 44;
-1, 46, 4, 4, 24, 104, 24, 88, 28, 10, 39, 12, 28, 20, 3, 2, 4, 1, 4, 2, 4, 2, 2, 3, 2, 4, 4, 1, 0, 4, 1, 3, 1, 3, 3, 2, 3, 1, 1, 4, 3, 0, 11.4, 14.9, 18.8, 36.8, 49.6, 84.5, 135.7, 171.3, 478.5, 556.7, 1478.0, 12627.6, 25635.7, 10, 12, 12, 13, 13, 19, 23, 25, 27, 28, 30, 40, 46, -4, 29, 50, 31;
-1, 47, 4, 1, 96, 27, 36, 46, 14, 27, 30, 12, 24, 3, 1, 1, 1, 4, 1, 3, 2, 1, 3, 3, 2, 4, 1, 1, 0, 1, 4, 2, 3, 4, 2, 2, 3, 1, 4, 4, 2, 0, 13.4, 17.6, 27.4, 27.2, 44.4, 79.5, 94.6, 223.7, 484.0, 579.6, 3324.4, 14677.3, 21217.2, 10, 10, 13, 13, 18, 20, 20, 23, 26, 29, 37, 47, 47, -1, 48, 44, 46;
-1, 63, 4, 4, 96, 66, 48, 63, 112, 44, 52, 51, 14, 1, 2, 4, 4, 4, 3, 2, 3, 4, 2, 2, 3, 2, 1, 2, 0, 1, 2, 3, 2, 1, 3, 3, 2, 3, 4, 3, 2, 0, 12.6, 15.1, 21.6, 36.0, 64.4, 80.8, 131.1, 283.4, 581.8, 1075.2, 2388.0, 7850.4, 16901.7, 10, 11, 12, 15, 17, 19, 22, 23, 24, 39, 42, 42, 63, -8, 32, 71, 54;
1, 67, 4, 1, 96, 32, 72, 96, 24, 42, 42, 48, 10, 14, 16, 2, 1, 4, 2, 4, 4, 2, 3, 3, 4, 2, 2, 4, 0, 1, 3, 1, 1, 3, 2, 2, 1, 3, 3, 1, 3, 0, 12.1, 17.7, 23.9, 27.1, 39.7, 82.7, 143.0, 216.2, 415.5, 1088.5, 3119.7, 5693.5, 30582.2, 10, 10, 11, 11, 14, 14, 19, 23, 27, 34, 35, 49, 67, 5, 47, 38, 62;
1, 67, 4, 4, 48, 66, 48, 54, 16, 28, 24, 24, 6, 24, 16, 1, 4, 2, 3, 4, 3, 2, 2, 3, 4, 1, 4, 4, 0, 3, 2, 1, 2, 3, 3, 2, 1, 4, 1, 1, 2, 0, 11.9, 17.6, 21.0, 27.7, 50.7, 80.8, 138.1, 206.9, 286.4, 1160.6, 1611.4, 3609.9, 18073.4, 10, 11, 12, 12, 13, 18, 21, 24, 26, 32, 38, 44, 67, 14, 52, 36, 53;
-1, 60, 4, 1, 96, 48, 93, 36, 4, 8, 40, 8, 16, 21, 6, 1, 1, 4, 3, 3, 2, 1, 2, 4, 1, 4, 3, 3, 0, 1, 2, 2, 3, 4, 3, 1, 4, 1, 2, 2, 4, 0, 12.5, 16.1, 19.2, 26.4, 57.8, 80.9, 106.7, 127.8, 563.4, 517.5, 2009.7, 8207.7, 39014.7, 10, 10, 10, 10, 11, 13, 17, 21, 30, 40, 43, 51, 60, -4, 57, 64, 63;
