#======================================================================================
# Kingdomino AI Experiment
#--------------------------------------------------------------------------------------
# 
# Player strategy:   MCE_FG_R
# Opponent strategy: FULL_GREEDY
# 
# Max search time: 2 (s)
# Max playouts: 0
# Runs: 200
# 
# System: Linux 3.20GHz
# Output file: kdom_exp-20170401-134843-rev-9365304-cpu-3.20GHz/kdom_exp_MCE_FG_R_vs_FULL_GREEDY_T2_P0.m
# 
# Executing: 'java -jar out/kdom-exp.jar MCE_FG_R FULL_GREEDY kdom_exp-20170401-134843-rev-9365304-cpu-3.20GHz/kdom_exp_MCE_FG_R_vs_FULL_GREEDY_T2_P0.m 2 0'
# Git Revision: 9365304
#--------------------------------------------------------------------------------------

# win, score, num_players, available_moves(13), available_draft(13), chosen_draft_position(13), playouts_per_second(13), scores(13), score_diff, opponent_scores(3)
kdom_exp_MCE_FG_R_vs_FULL_GREEDY_T2_P0 = [
-1, 47, 4, 1, 96, 54, 96, 38, 48, 18, 40, 36, 9, 2, 8, 2, 1, 4, 2, 4, 2, 4, 1, 4, 3, 3, 1, 4, 0, 1, 3, 1, 3, 1, 4, 1, 2, 2, 4, 1, 4, 0, 13.7, 15.0, 23.8, 32.9, 53.0, 68.4, 148.8, 186.5, 318.7, 686.2, 1775.0, 2086.5, 34947.1, 10, 10, 11, 11, 12, 12, 15, 19, 26, 33, 37, 39, 47, -4, 51, 46, 45;
1, 70, 4, 2, 96, 62, 78, 84, 52, 42, 18, 48, 24, 3, 8, 3, 2, 4, 2, 3, 4, 2, 3, 2, 4, 3, 3, 4, 0, 1, 3, 2, 1, 3, 2, 3, 1, 2, 2, 1, 3, 0, 12.9, 16.9, 21.2, 29.7, 41.9, 77.9, 123.9, 277.4, 359.2, 1132.4, 2094.6, 5002.3, 27381.8, 10, 10, 11, 14, 14, 16, 22, 24, 26, 53, 53, 55, 70, 15, 55, 50, 42;
-1, 51, 4, 1, 72, 64, 84, 63, 12, 42, 10, 27, 32, 18, 6, 1, 1, 3, 4, 3, 3, 1, 3, 1, 3, 4, 3, 2, 0, 2, 1, 2, 2, 4, 2, 4, 2, 1, 2, 3, 3, 0, 14.4, 19.9, 22.8, 31.3, 63.5, 92.9, 136.9, 233.3, 441.4, 630.9, 1689.9, 9469.4, 28835.3, 10, 10, 10, 10, 10, 13, 13, 18, 25, 29, 33, 44, 51, -18, 52, 69, 66;
1, 59, 4, 3, 48, 63, 81, 36, 24, 88, 12, 12, 6, 16, 9, 2, 3, 2, 3, 3, 2, 3, 4, 2, 4, 1, 4, 3, 0, 3, 2, 2, 3, 2, 1, 3, 1, 4, 1, 2, 1, 0, 12.9, 16.6, 19.7, 32.8, 61.9, 104.4, 135.4, 299.3, 407.4, 1133.2, 1502.1, 5052.5, 16059.2, 10, 11, 11, 13, 15, 15, 17, 20, 25, 33, 35, 39, 59, 9, 35, 50, 38;
-1, 38, 4, 1, 72, 58, 28, 57, 32, 40, 28, 18, 4, 8, 6, 2, 1, 3, 2, 1, 3, 2, 2, 2, 3, 4, 2, 2, 0, 2, 3, 4, 2, 3, 3, 3, 2, 1, 3, 3, 3, 0, 13.7, 15.1, 21.0, 31.9, 42.2, 63.1, 104.0, 312.2, 457.4, 668.8, 2245.4, 9586.9, 19755.2, 10, 10, 12, 5, 6, 7, 13, 20, 30, 30, 33, 36, 38, -31, 69, 69, 48;
1, 70, 4, 1, 72, 48, 36, 44, 48, 20, 30, 21, 8, 8, 18, 2, 1, 3, 3, 2, 4, 4, 1, 3, 3, 4, 4, 3, 0, 2, 2, 3, 1, 1, 4, 2, 2, 1, 1, 2, 4, 0, 14.1, 16.7, 20.1, 28.8, 37.1, 50.9, 117.1, 175.4, 303.2, 691.9, 1689.0, 6506.4, 36901.9, 10, 10, 11, 12, 15, 19, 25, 27, 35, 41, 47, 51, 70, 10, 50, 37, 60;
-1, 59, 4, 1, 96, 64, 112, 31, 24, 57, 28, 8, 9, 6, 16, 2, 1, 4, 4, 4, 1, 4, 3, 2, 4, 3, 2, 4, 0, 1, 1, 1, 4, 1, 2, 3, 1, 2, 3, 1, 1, 0, 13.6, 17.2, 21.0, 25.3, 65.9, 62.3, 109.0, 334.0, 357.4, 1002.3, 2348.3, 3827.8, 14745.7, 10, 10, 10, 10, 5, 5, 12, 21, 21, 27, 38, 46, 59, -3, 62, 52, 53;
-1, 45, 4, 1, 96, 48, 112, 24, 30, 64, 16, 18, 6, 8, 12, 1, 1, 4, 3, 4, 3, 3, 4, 4, 2, 1, 4, 2, 0, 1, 2, 1, 2, 2, 1, 1, 3, 4, 1, 3, 2, 0, 15.3, 19.9, 24.3, 33.7, 38.2, 62.5, 87.0, 150.8, 376.5, 992.3, 1375.8, 10673.0, 20867.2, 10, 10, 10, 10, 11, 12, 18, 18, 24, 29, 33, 40, 45, -19, 53, 64, 42;
-1, 56, 4, 2, 96, 81, 27, 18, 48, 36, 40, 21, 4, 24, 2, 1, 2, 4, 3, 1, 1, 4, 3, 4, 3, 1, 4, 1, 0, 1, 2, 4, 4, 1, 2, 1, 2, 4, 1, 4, 4, 0, 12.4, 16.8, 21.9, 31.5, 51.4, 58.2, 121.9, 146.8, 453.2, 1308.8, 1962.8, 14074.2, 40418.3, 10, 10, 11, 15, 16, 18, 21, 21, 26, 29, 39, 48, 56, -2, 58, 37, 49;
1, 62, 4, 1, 96, 93, 60, 52, 80, 80, 48, 32, 10, 24, 6, 1, 1, 4, 3, 3, 2, 4, 4, 3, 4, 2, 4, 2, 0, 1, 2, 2, 3, 1, 1, 2, 1, 3, 1, 3, 4, 0, 12.8, 17.3, 20.7, 27.3, 49.7, 62.6, 75.6, 144.7, 287.1, 1033.3, 1790.8, 6945.7, 33940.3, 10, 10, 11, 13, 14, 14, 16, 27, 31, 37, 43, 54, 62, 14, 38, 26, 48;
-1, 47, 4, 1, 96, 72, 63, 24, 36, 7, 24, 48, 40, 3, 4, 1, 1, 4, 4, 3, 2, 3, 1, 4, 4, 4, 1, 4, 0, 1, 1, 2, 3, 2, 4, 1, 1, 1, 4, 1, 4, 0, 14.0, 18.9, 25.3, 36.4, 74.1, 112.8, 218.8, 262.6, 458.3, 724.2, 2536.3, 3192.6, 37478.9, 10, 10, 10, 11, 12, 14, 20, 22, 24, 26, 38, 38, 47, -6, 50, 45, 53;
-1, 68, 4, 1, 96, 93, 78, 128, 56, 42, 20, 48, 32, 24, 6, 1, 1, 4, 3, 3, 4, 2, 3, 2, 4, 4, 4, 3, 0, 1, 2, 2, 1, 3, 2, 3, 1, 1, 1, 2, 2, 0, 14.4, 17.7, 20.4, 35.5, 39.5, 71.0, 115.3, 172.8, 226.2, 458.1, 975.5, 5149.7, 14431.7, 10, 10, 10, 14, 16, 18, 18, 20, 22, 29, 37, 46, 68, -10, 78, 47, 52;
-1, 46, 4, 2, 48, 81, 64, 48, 72, 64, 16, 21, 16, 6, 6, 2, 2, 2, 3, 4, 2, 4, 4, 2, 3, 4, 2, 3, 0, 3, 2, 1, 3, 1, 1, 3, 2, 1, 3, 2, 3, 0, 14.5, 18.9, 20.0, 31.5, 51.8, 70.9, 94.1, 259.5, 341.7, 656.9, 2161.3, 6052.9, 21307.4, 10, 12, 3, 3, 5, 7, 7, 8, 11, 17, 37, 40, 46, -13, 59, 41, 45;
1, 73, 4, 2, 96, 81, 112, 40, 96, 24, 24, 6, 24, 16, 4, 2, 2, 4, 3, 4, 2, 4, 3, 2, 3, 4, 4, 1, 0, 1, 2, 1, 3, 1, 2, 3, 2, 1, 1, 4, 4, 0, 14.2, 16.8, 22.5, 26.3, 50.4, 65.7, 124.7, 243.9, 290.1, 794.9, 1757.3, 11254.5, 41687.9, 10, 10, 13, 13, 18, 22, 23, 32, 32, 43, 51, 66, 73, 20, 53, 46, 46;
1, 71, 4, 4, 48, 144, 93, 63, 76, 60, 27, 27, 5, 16, 2, 2, 4, 2, 4, 3, 3, 4, 4, 3, 3, 1, 4, 2, 0, 3, 1, 2, 2, 1, 1, 2, 2, 4, 1, 3, 2, 0, 13.4, 17.9, 18.5, 25.7, 42.9, 61.1, 148.8, 291.1, 588.9, 1300.0, 1125.1, 6131.3, 20442.8, 10, 11, 13, 14, 17, 19, 25, 30, 56, 63, 65, 65, 71, 7, 38, 36, 64;
-1, 59, 4, 2, 72, 54, 45, 72, 12, 24, 11, 28, 20, 12, 8, 2, 2, 3, 3, 3, 4, 2, 4, 1, 4, 4, 3, 4, 0, 2, 2, 2, 1, 3, 1, 4, 1, 1, 2, 1, 2, 0, 14.3, 17.7, 25.7, 34.9, 46.2, 93.0, 94.4, 241.6, 294.7, 644.3, 2755.3, 6180.8, 18993.9, 10, 10, 11, 12, 12, 16, 20, 25, 26, 35, 46, 46, 59, -1, 43, 60, 45;
1, 58, 4, 3, 96, 81, 72, 44, 144, 7, 8, 45, 4, 6, 18, 2, 3, 4, 3, 4, 2, 4, 1, 4, 3, 1, 3, 3, 0, 1, 2, 1, 3, 1, 4, 1, 2, 4, 2, 2, 3, 0, 13.8, 16.2, 22.7, 33.1, 44.3, 60.0, 141.6, 157.9, 510.6, 1122.1, 1432.9, 4795.2, 27086.2, 10, 10, 11, 11, 12, 16, 17, 19, 28, 32, 38, 48, 58, 5, 53, 48, 51;
1, 70, 4, 4, 48, 88, 48, 64, 50, 26, 54, 2, 12, 39, 4, 3, 4, 2, 4, 2, 4, 2, 1, 3, 2, 3, 3, 2, 0, 3, 1, 3, 1, 3, 4, 2, 3, 2, 2, 3, 3, 0, 13.0, 16.5, 19.4, 34.6, 44.2, 74.0, 127.8, 152.0, 366.9, 556.2, 2173.0, 8361.4, 20809.1, 10, 11, 12, 15, 15, 19, 22, 34, 34, 36, 41, 61, 70, 13, 37, 57, 52;
1, 62, 4, 3, 48, 63, 52, 144, 108, 81, 16, 30, 16, 20, 3, 1, 3, 2, 3, 2, 4, 4, 3, 2, 3, 2, 4, 1, 0, 3, 2, 3, 1, 1, 2, 3, 2, 3, 1, 4, 3, 0, 14.4, 18.2, 22.3, 32.8, 40.1, 78.6, 172.9, 341.4, 474.1, 1041.7, 1837.1, 13480.3, 23893.4, 10, 11, 13, 14, 16, 17, 21, 24, 26, 33, 37, 54, 62, 1, 49, 61, 47;
1, 63, 4, 1, 72, 112, 75, 24, 96, 46, 14, 12, 12, 24, 12, 2, 1, 3, 4, 3, 4, 4, 2, 1, 4, 2, 3, 3, 0, 2, 1, 2, 1, 1, 3, 4, 1, 3, 2, 2, 3, 0, 14.7, 18.9, 22.3, 44.4, 50.7, 77.5, 124.9, 264.5, 295.4, 829.4, 1477.4, 7234.4, 24244.9, 10, 10, 10, 10, 10, 15, 17, 24, 24, 31, 37, 45, 63, 8, 55, 34, 50;
-1, 47, 4, 2, 48, 36, 54, 28, 4, 45, 36, 4, 18, 32, 10, 3, 2, 2, 2, 3, 2, 4, 3, 3, 4, 3, 4, 2, 0, 3, 3, 2, 3, 1, 2, 2, 1, 2, 1, 3, 4, 0, 13.9, 16.9, 20.5, 32.4, 53.9, 57.9, 120.2, 191.8, 233.0, 521.2, 1101.2, 9022.0, 38454.2, 10, 11, 11, 12, 13, 13, 14, 16, 16, 21, 33, 46, 47, -17, 51, 64, 37;
1, 70, 4, 4, 24, 52, 25, 112, 36, 33, 36, 40, 14, 24, 8, 2, 4, 1, 2, 1, 4, 3, 3, 4, 4, 2, 4, 4, 0, 4, 3, 4, 1, 2, 2, 1, 1, 3, 1, 1, 1, 0, 14.7, 18.1, 22.6, 37.5, 39.2, 85.3, 122.8, 164.7, 232.3, 949.9, 1396.8, 4089.4, 13913.4, 10, 12, 12, 15, 28, 30, 30, 34, 38, 48, 54, 54, 70, 7, 39, 63, 45;
-1, 65, 4, 2, 48, 112, 32, 26, 42, 56, 42, 16, 24, 12, 4, 1, 2, 2, 4, 4, 2, 3, 4, 3, 2, 4, 3, 1, 0, 3, 1, 1, 3, 2, 1, 2, 3, 1, 2, 4, 1, 0, 13.3, 17.6, 22.3, 31.6, 64.5, 83.1, 99.9, 222.2, 464.9, 637.4, 2073.7, 13431.4, 16387.3, 10, 11, 11, 11, 17, 19, 23, 26, 40, 41, 46, 56, 65, -17, 60, 82, 52;
-1, 37, 4, 3, 48, 32, 40, 10, 80, 15, 8, 10, 6, 4, 3, 1, 3, 2, 2, 4, 1, 4, 3, 1, 2, 3, 2, 1, 0, 3, 3, 1, 4, 1, 2, 4, 3, 2, 3, 4, 1, 0, 14.5, 21.0, 24.7, 28.8, 48.4, 57.6, 112.5, 335.4, 678.7, 1124.5, 2090.7, 10639.5, 11995.7, 10, 11, 11, 11, 13, 13, 15, 19, 25, 27, 30, 37, 37, -10, 46, 44, 47;
