#======================================================================================
# Kingdomino AI Experiment
#--------------------------------------------------------------------------------------
# 
# Player strategy:   MCE_FG_R
# Opponent strategy: FULL_GREEDY
# 
# Max search time: 8 (s)
# Max playouts: 0
# Runs: 200
# 
# System: Linux 3.20GHz
# Output file: kdom_exp-20170401-134843-rev-9365304-cpu-3.20GHz/kdom_exp_MCE_FG_R_vs_FULL_GREEDY_T8_P0.m
# 
# Executing: 'java -jar out/kdom-exp.jar MCE_FG_R FULL_GREEDY kdom_exp-20170401-134843-rev-9365304-cpu-3.20GHz/kdom_exp_MCE_FG_R_vs_FULL_GREEDY_T8_P0.m 8 0'
# Git Revision: 9365304
#--------------------------------------------------------------------------------------

# win, score, num_players, available_moves(13), available_draft(13), chosen_draft_position(13), playouts_per_second(13), scores(13), score_diff, opponent_scores(3)
kdom_exp_MCE_FG_R_vs_FULL_GREEDY_T8_P0 = [
1, 67, 4, 3, 48, 54, 21, 30, 12, 32, 11, 21, 16, 8, 12, 1, 3, 2, 3, 1, 3, 1, 4, 1, 3, 4, 4, 3, 0, 3, 2, 4, 2, 4, 1, 4, 2, 1, 1, 2, 4, 0, 16.7, 20.1, 22.6, 33.6, 60.1, 102.7, 124.0, 330.8, 413.5, 737.0, 1800.2, 6587.7, 41219.3, 10, 11, 11, 13, 15, 21, 22, 28, 28, 33, 47, 51, 67, 8, 41, 50, 59;
1, 59, 4, 2, 96, 48, 10, 48, 12, 6, 24, 27, 7, 12, 8, 1, 2, 4, 3, 1, 4, 1, 1, 4, 3, 1, 3, 4, 0, 1, 2, 4, 1, 4, 4, 1, 2, 4, 2, 1, 3, 0, 16.2, 17.9, 27.3, 43.1, 42.4, 88.8, 149.9, 137.1, 361.8, 959.2, 1650.0, 3074.0, 18393.8, 10, 10, 11, 12, 14, 23, 27, 29, 32, 41, 41, 49, 59, 4, 30, 55, 50;
-1, 51, 4, 4, 48, 54, 66, 16, 24, 16, 36, 24, 8, 6, 4, 2, 4, 2, 3, 3, 2, 2, 1, 3, 3, 4, 3, 4, 0, 3, 2, 2, 3, 3, 4, 2, 2, 1, 2, 1, 3, 0, 16.6, 17.0, 19.4, 31.3, 47.9, 70.1, 214.1, 304.7, 495.3, 782.6, 2205.4, 3059.6, 25422.7, 10, 11, 11, 12, 13, 16, 21, 22, 27, 33, 39, 39, 51, -15, 66, 47, 62;
1, 94, 4, 4, 96, 144, 62, 78, 92, 78, 34, 16, 30, 18, 12, 2, 4, 4, 4, 2, 3, 4, 3, 2, 4, 3, 3, 3, 0, 1, 1, 3, 2, 1, 2, 3, 1, 2, 2, 2, 2, 0, 17.8, 19.3, 22.3, 36.9, 51.8, 77.5, 158.7, 268.4, 291.8, 1006.9, 2013.9, 6658.7, 18621.8, 10, 10, 10, 11, 14, 14, 14, 18, 20, 28, 30, 70, 94, 36, 56, 51, 58;
1, 57, 4, 2, 96, 81, 96, 80, 78, 72, 52, 12, 40, 21, 24, 2, 2, 4, 3, 4, 4, 3, 3, 2, 1, 4, 3, 4, 0, 1, 2, 1, 1, 2, 2, 3, 4, 1, 2, 1, 4, 0, 17.1, 16.9, 17.3, 21.6, 32.0, 65.7, 129.6, 198.3, 422.2, 781.7, 2058.5, 4675.3, 34885.5, 10, 10, 13, 18, 10, 12, 18, 25, 36, 38, 46, 46, 57, 15, 38, 42, 41;
-1, 48, 4, 2, 96, 54, 54, 128, 42, 8, 22, 10, 24, 12, 1, 1, 2, 4, 2, 3, 4, 3, 2, 2, 1, 4, 3, 1, 0, 1, 3, 2, 1, 2, 3, 3, 4, 1, 2, 4, 3, 0, 15.4, 15.6, 21.9, 27.1, 32.4, 82.9, 128.2, 252.5, 521.5, 740.1, 2124.4, 12995.3, 24104.0, 10, 10, 11, 11, 11, 16, 18, 25, 32, 34, 43, 48, 48, -5, 38, 53, 49;
-1, 66, 4, 2, 48, 66, 80, 27, 60, 54, 56, 24, 18, 16, 3, 1, 2, 2, 3, 4, 1, 3, 3, 4, 3, 3, 4, 1, 0, 3, 2, 1, 4, 2, 2, 1, 2, 2, 1, 4, 2, 0, 17.0, 15.8, 20.8, 30.0, 48.3, 74.1, 100.6, 149.2, 546.1, 996.3, 1895.8, 12631.4, 17315.5, 10, 11, 13, 15, 20, 20, 24, 24, 34, 41, 43, 55, 66, -2, 45, 35, 68;
1, 72, 4, 1, 96, 108, 72, 30, 66, 88, 26, 48, 12, 16, 9, 2, 1, 4, 4, 3, 2, 3, 4, 2, 4, 2, 4, 3, 0, 1, 1, 2, 3, 2, 1, 3, 1, 3, 1, 2, 3, 0, 16.2, 16.7, 17.9, 30.5, 64.4, 83.5, 83.4, 316.9, 466.0, 1074.2, 1275.9, 4951.7, 15140.2, 10, 10, 13, 18, 19, 23, 27, 38, 38, 39, 45, 52, 72, 20, 52, 41, 52;
1, 62, 4, 1, 96, 62, 66, 81, 36, 60, 32, 42, 36, 10, 6, 2, 1, 4, 2, 3, 3, 2, 4, 4, 3, 4, 2, 2, 0, 1, 3, 2, 2, 3, 1, 1, 2, 1, 3, 3, 1, 0, 16.9, 16.8, 21.2, 28.1, 38.4, 75.0, 125.7, 230.3, 411.4, 609.7, 2763.6, 7710.4, 14440.4, 10, 10, 13, 14, 14, 16, 19, 21, 23, 25, 27, 39, 62, 1, 61, 50, 53;
1, 56, 4, 4, 24, 78, 54, 87, 20, 72, 51, 33, 56, 16, 2, 1, 4, 1, 3, 2, 3, 1, 4, 3, 3, 4, 2, 2, 0, 4, 2, 3, 2, 4, 1, 2, 2, 1, 3, 3, 1, 0, 16.4, 17.8, 22.3, 35.6, 54.6, 93.0, 114.2, 254.9, 443.4, 595.4, 2733.3, 8198.9, 10848.2, 10, 11, 13, 15, 16, 17, 17, 18, 25, 39, 41, 41, 56, 6, 50, 38, 37;
1, 71, 4, 3, 72, 58, 84, 54, 104, 64, 32, 2, 24, 5, 6, 1, 3, 3, 2, 4, 3, 4, 4, 4, 2, 4, 1, 3, 0, 2, 3, 1, 2, 1, 1, 1, 3, 1, 4, 2, 2, 0, 15.7, 17.7, 19.9, 27.2, 52.8, 63.4, 114.9, 220.1, 544.6, 659.6, 4098.3, 6869.5, 18027.3, 10, 10, 12, 13, 16, 28, 32, 36, 38, 49, 55, 57, 71, 23, 46, 42, 48;
1, 78, 4, 3, 48, 104, 60, 81, 80, 54, 20, 18, 16, 1, 8, 1, 3, 2, 4, 3, 3, 4, 3, 2, 2, 4, 1, 2, 0, 3, 1, 2, 2, 1, 2, 3, 3, 1, 4, 3, 4, 0, 17.1, 20.1, 22.7, 36.8, 68.1, 94.6, 157.2, 317.9, 491.0, 812.3, 2442.9, 10399.3, 39233.4, 10, 11, 13, 14, 16, 18, 20, 22, 31, 49, 62, 70, 78, 32, 46, 44, 29;
1, 58, 4, 2, 72, 81, 96, 144, 72, 45, 72, 80, 3, 7, 12, 2, 2, 3, 3, 3, 4, 3, 3, 4, 4, 3, 1, 3, 0, 2, 2, 2, 1, 2, 2, 1, 1, 2, 4, 2, 3, 0, 16.8, 18.5, 21.0, 28.8, 38.0, 79.1, 128.4, 155.3, 386.0, 553.6, 2117.7, 4437.6, 24886.9, 10, 11, 12, 15, 15, 22, 23, 43, 43, 43, 45, 53, 58, 9, 49, 47, 43;
1, 63, 4, 1, 96, 66, 72, 88, 36, 12, 14, 8, 8, 6, 2, 1, 1, 4, 3, 3, 4, 3, 1, 2, 4, 2, 2, 2, 0, 1, 2, 2, 1, 2, 4, 3, 1, 3, 3, 3, 4, 0, 16.6, 17.4, 18.5, 31.7, 51.3, 109.5, 203.6, 346.5, 408.7, 1158.1, 2398.8, 9118.0, 39318.8, 10, 10, 11, 12, 14, 21, 26, 28, 28, 41, 51, 53, 63, 24, 37, 39, 32;
1, 64, 4, 3, 48, 87, 54, 72, 112, 32, 44, 28, 16, 4, 3, 1, 3, 2, 3, 3, 3, 4, 2, 4, 4, 2, 2, 3, 0, 3, 2, 2, 2, 1, 3, 1, 1, 3, 3, 2, 3, 0, 17.0, 17.2, 18.7, 37.2, 56.4, 64.7, 147.5, 155.6, 359.7, 1252.0, 2556.2, 4607.7, 24630.5, 10, 11, 11, 13, 13, 13, 17, 17, 29, 40, 52, 64, 64, 6, 46, 53, 58;
1, 66, 4, 1, 72, 72, 84, 28, 69, 18, 15, 10, 15, 10, 6, 1, 1, 3, 4, 3, 2, 3, 2, 1, 1, 3, 2, 3, 0, 2, 1, 2, 3, 2, 3, 4, 4, 2, 3, 2, 2, 0, 17.0, 20.4, 25.5, 38.7, 55.2, 91.7, 162.0, 344.8, 527.4, 873.4, 2375.4, 6830.9, 21181.7, 10, 10, 10, 10, 12, 14, 16, 23, 24, 33, 45, 47, 66, 21, 33, 36, 45;
0, 56, 4, 2, 96, 64, 56, 40, 32, 12, 42, 12, 24, 12, 4, 2, 2, 4, 4, 4, 2, 4, 1, 3, 1, 4, 3, 2, 0, 1, 1, 1, 3, 1, 4, 2, 4, 1, 2, 3, 1, 0, 18.2, 19.6, 16.6, 23.2, 61.1, 90.8, 133.7, 166.7, 499.6, 595.0, 2247.4, 9917.4, 13894.7, 10, 10, 10, 11, 14, 16, 22, 26, 29, 33, 36, 49, 56, 0, 43, 53, 56;
1, 58, 4, 2, 96, 27, 48, 24, 32, 88, 18, 12, 36, 28, 6, 1, 2, 4, 1, 4, 2, 2, 4, 3, 2, 4, 4, 2, 0, 1, 4, 1, 3, 3, 1, 2, 3, 1, 1, 3, 1, 0, 14.5, 15.7, 20.1, 23.4, 53.0, 80.6, 110.1, 153.7, 357.5, 433.7, 1017.7, 7624.0, 12281.4, 10, 10, 12, 12, 14, 18, 18, 24, 27, 34, 36, 42, 58, 1, 56, 57, 51;
1, 58, 4, 3, 72, 63, 96, 84, 56, 48, 32, 6, 10, 6, 3, 2, 3, 3, 3, 4, 3, 4, 3, 4, 2, 2, 2, 3, 0, 2, 2, 1, 2, 1, 2, 1, 3, 3, 3, 2, 3, 0, 16.6, 17.5, 20.3, 23.1, 43.9, 65.2, 143.6, 204.8, 562.1, 1022.4, 3227.3, 5826.6, 17320.0, 10, 11, 13, 15, 17, 19, 24, 27, 34, 45, 49, 49, 58, 5, 51, 53, 43;
1, 56, 4, 4, 72, 29, 80, 26, 51, 64, 40, 8, 18, 12, 4, 2, 4, 3, 1, 4, 2, 3, 4, 4, 1, 3, 3, 2, 0, 2, 4, 1, 3, 2, 1, 1, 4, 2, 2, 3, 2, 0, 16.9, 17.1, 22.4, 28.2, 52.5, 75.1, 123.5, 263.4, 973.7, 1280.7, 2571.2, 8110.8, 19747.7, 10, 11, 12, 12, 13, 16, 20, 20, 35, 37, 41, 43, 56, 7, 49, 45, 47;
-1, 44, 4, 3, 72, 42, 152, 24, 32, 30, 26, 48, 18, 6, 8, 2, 3, 3, 2, 4, 4, 4, 3, 2, 4, 3, 3, 4, 0, 2, 3, 1, 1, 1, 2, 3, 1, 2, 2, 1, 2, 0, 15.1, 15.6, 23.5, 28.9, 45.0, 71.4, 123.2, 236.9, 324.5, 681.2, 2538.4, 5820.0, 19210.2, 10, 11, 12, 12, 12, 14, 19, 25, 25, 29, 32, 36, 44, -12, 55, 50, 56;
-1, 64, 4, 2, 96, 54, 66, 46, 72, 3, 20, 12, 56, 3, 8, 1, 2, 4, 2, 3, 2, 4, 3, 2, 1, 4, 1, 4, 0, 1, 3, 2, 3, 1, 2, 3, 4, 1, 4, 1, 3, 0, 18.1, 18.4, 24.7, 30.7, 56.8, 80.0, 93.6, 200.3, 397.2, 595.6, 2315.6, 2753.7, 22801.2, 10, 10, 11, 11, 12, 14, 14, 23, 37, 39, 57, 57, 64, -1, 46, 49, 65;
1, 72, 4, 3, 72, 44, 60, 16, 48, 36, 24, 48, 21, 10, 12, 2, 3, 3, 2, 3, 1, 4, 4, 2, 4, 3, 2, 3, 0, 2, 3, 2, 4, 1, 1, 3, 1, 2, 3, 2, 3, 0, 18.0, 19.0, 22.6, 33.6, 49.0, 59.0, 84.8, 273.6, 370.4, 787.0, 3467.0, 7078.6, 27555.6, 10, 11, 12, 14, 15, 15, 19, 23, 33, 36, 47, 55, 72, 8, 45, 54, 64;
1, 74, 4, 4, 48, 104, 92, 69, 60, 38, 15, 64, 20, 9, 9, 1, 4, 2, 4, 4, 3, 3, 2, 3, 4, 4, 3, 3, 0, 3, 1, 1, 2, 2, 3, 2, 1, 1, 2, 2, 4, 0, 16.9, 17.9, 19.0, 20.8, 42.0, 69.8, 162.5, 282.6, 441.6, 673.0, 3210.7, 7641.0, 40331.2, 10, 11, 11, 14, 17, 22, 29, 31, 43, 58, 64, 68, 74, 23, 36, 47, 51;
