#======================================================================================
# Kingdomino AI Experiment
#--------------------------------------------------------------------------------------
# 
# Player strategy:   MCE_FG_R
# Opponent strategy: FULL_GREEDY
# 
# Max search time: 6 (s)
# Max playouts: 0
# Runs: 200
# 
# System: Linux 3.20GHz
# Output file: kdom_exp-20170401-134843-rev-9365304-cpu-3.20GHz/kdom_exp_MCE_FG_R_vs_FULL_GREEDY_T6_P0.m
# 
# Executing: 'java -jar out/kdom-exp.jar MCE_FG_R FULL_GREEDY kdom_exp-20170401-134843-rev-9365304-cpu-3.20GHz/kdom_exp_MCE_FG_R_vs_FULL_GREEDY_T6_P0.m 6 0'
# Git Revision: 9365304
#--------------------------------------------------------------------------------------

# win, score, num_players, available_moves(13), available_draft(13), chosen_draft_position(13), playouts_per_second(13), scores(13), score_diff, opponent_scores(3)
kdom_exp_MCE_FG_R_vs_FULL_GREEDY_T6_P0 = [
1, 63, 4, 4, 72, 104, 54, 128, 16, 76, 13, 16, 15, 12, 16, 2, 4, 3, 4, 2, 4, 2, 4, 1, 2, 3, 3, 4, 0, 2, 1, 3, 1, 3, 1, 4, 3, 2, 2, 1, 3, 0, 17.6, 19.2, 20.6, 32.9, 37.0, 78.5, 91.4, 381.5, 593.8, 975.4, 2825.4, 5864.7, 26144.3, 10, 11, 11, 12, 12, 15, 16, 17, 26, 28, 33, 37, 63, 1, 57, 41, 62;
-1, 37, 4, 2, 48, 42, 60, 56, 30, 60, 27, 26, 9, 4, 4, 3, 2, 2, 2, 3, 4, 3, 3, 3, 2, 1, 1, 4, 0, 3, 3, 2, 1, 2, 2, 2, 3, 4, 4, 1, 2, 0, 16.9, 19.8, 24.3, 29.7, 48.4, 94.5, 142.2, 298.1, 438.7, 820.8, 2334.3, 2450.4, 15916.9, 10, 10, 10, 10, 10, 10, 10, 13, 17, 25, 28, 28, 37, -17, 50, 54, 50;
1, 66, 4, 2, 48, 64, 72, 32, 12, 51, 48, 8, 24, 15, 12, 2, 2, 2, 4, 4, 2, 3, 3, 4, 2, 4, 3, 3, 0, 3, 1, 1, 3, 2, 2, 1, 3, 1, 2, 2, 3, 0, 17.3, 20.0, 23.7, 45.1, 80.7, 85.2, 134.7, 186.4, 594.4, 833.5, 1946.0, 6579.0, 28968.4, 10, 11, 11, 11, 15, 15, 18, 24, 28, 30, 41, 50, 66, 14, 30, 40, 52;
1, 67, 4, 3, 48, 104, 48, 96, 64, 80, 45, 30, 2, 24, 3, 2, 3, 2, 4, 2, 4, 4, 4, 3, 2, 1, 4, 1, 0, 3, 1, 3, 1, 1, 1, 2, 3, 4, 1, 4, 2, 0, 16.1, 18.2, 18.3, 33.6, 37.1, 65.3, 122.4, 245.9, 382.6, 1407.3, 1789.0, 15228.8, 22072.4, 10, 11, 13, 14, 14, 14, 20, 29, 34, 38, 44, 58, 67, 19, 47, 48, 41;
-1, 54, 4, 2, 96, 18, 10, 48, 56, 21, 24, 8, 32, 3, 3, 1, 2, 4, 1, 1, 3, 4, 3, 2, 4, 4, 3, 1, 0, 1, 4, 4, 2, 1, 2, 3, 1, 1, 2, 4, 3, 0, 17.3, 16.1, 23.6, 35.3, 49.9, 68.7, 130.8, 307.5, 361.3, 562.4, 2429.4, 12480.5, 23251.6, 10, 10, 11, 13, 13, 13, 16, 19, 21, 29, 36, 45, 54, -9, 40, 48, 63;
-1, 54, 4, 2, 72, 44, 88, 75, 18, 56, 30, 56, 24, 14, 6, 2, 2, 3, 2, 4, 3, 1, 4, 3, 4, 3, 2, 3, 0, 2, 3, 1, 2, 4, 1, 2, 1, 2, 3, 2, 1, 0, 17.1, 19.9, 23.6, 24.8, 48.7, 75.7, 113.9, 211.3, 358.4, 1051.5, 3069.0, 7261.5, 16425.3, 10, 11, 12, 2, 4, 4, 7, 9, 11, 15, 25, 45, 54, -3, 57, 48, 50;
1, 64, 4, 3, 48, 54, 80, 54, 54, 22, 24, 16, 5, 16, 4, 1, 3, 2, 3, 4, 2, 3, 2, 2, 4, 1, 4, 2, 0, 3, 2, 1, 3, 2, 3, 3, 1, 4, 1, 3, 4, 0, 17.2, 19.6, 23.2, 31.4, 60.6, 70.8, 106.8, 256.3, 287.0, 1562.7, 2162.5, 8095.2, 41489.1, 10, 10, 10, 10, 11, 11, 12, 17, 17, 20, 43, 56, 64, 3, 51, 61, 41;
1, 83, 4, 1, 96, 144, 32, 78, 87, 36, 39, 15, 20, 24, 12, 1, 1, 4, 4, 2, 3, 3, 2, 3, 3, 2, 3, 3, 0, 1, 1, 3, 2, 2, 3, 2, 2, 3, 2, 2, 3, 0, 15.9, 18.6, 21.6, 29.3, 49.8, 80.4, 144.3, 230.1, 447.2, 1280.5, 2490.1, 5678.3, 23382.7, 10, 10, 10, 11, 12, 13, 16, 30, 40, 43, 47, 64, 83, 7, 50, 54, 76;
1, 69, 4, 3, 48, 81, 60, 32, 45, 28, 48, 24, 32, 24, 6, 1, 3, 2, 3, 3, 2, 3, 2, 4, 3, 4, 4, 3, 0, 3, 2, 2, 3, 2, 3, 1, 2, 1, 1, 2, 2, 0, 16.2, 20.0, 20.9, 38.8, 57.7, 77.1, 98.6, 112.3, 327.8, 480.0, 950.4, 4572.5, 21045.7, 10, 11, 12, 13, 15, 16, 20, 22, 27, 31, 39, 51, 69, 11, 58, 40, 46;
-1, 55, 4, 3, 72, 36, 48, 22, 64, 33, 48, 6, 4, 6, 4, 2, 3, 3, 2, 4, 2, 4, 3, 4, 1, 1, 3, 2, 0, 2, 3, 1, 3, 1, 2, 1, 4, 4, 2, 3, 2, 0, 16.9, 16.4, 27.7, 27.1, 50.6, 50.2, 97.1, 164.6, 364.2, 970.8, 2524.3, 8063.0, 18713.0, 10, 10, 11, 11, 12, 15, 21, 23, 29, 33, 35, 40, 55, -13, 68, 50, 33;
-1, 53, 4, 3, 72, 87, 160, 12, 64, 34, 4, 56, 18, 14, 12, 2, 3, 3, 3, 4, 1, 4, 2, 4, 4, 3, 2, 3, 0, 2, 2, 1, 4, 1, 3, 1, 1, 2, 3, 2, 1, 0, 16.4, 19.5, 19.7, 21.9, 55.1, 53.3, 143.3, 143.7, 311.9, 764.5, 2614.6, 5892.6, 15309.9, 10, 11, 11, 13, 15, 15, 19, 19, 19, 25, 36, 41, 53, -3, 32, 56, 47;
1, 69, 4, 3, 96, 81, 44, 64, 38, 54, 32, 9, 18, 8, 4, 2, 3, 4, 3, 2, 4, 2, 3, 4, 3, 3, 2, 2, 0, 1, 2, 3, 1, 3, 2, 1, 2, 2, 3, 3, 1, 0, 16.2, 18.1, 24.7, 34.3, 40.7, 74.0, 92.3, 150.1, 409.6, 687.5, 2873.6, 9232.3, 13699.4, 10, 10, 10, 11, 11, 16, 22, 30, 34, 40, 53, 56, 69, 18, 51, 43, 50;
-1, 65, 4, 4, 48, 54, 136, 152, 24, 60, 48, 6, 8, 16, 4, 2, 4, 2, 2, 4, 4, 1, 4, 3, 1, 2, 4, 2, 0, 3, 3, 1, 1, 4, 1, 2, 4, 3, 1, 3, 2, 0, 16.1, 18.6, 21.7, 26.7, 40.0, 77.5, 98.9, 256.4, 511.7, 1232.1, 1449.0, 10798.0, 21172.4, 10, 11, 12, 14, 14, 15, 15, 22, 24, 26, 42, 56, 65, -5, 57, 70, 50;
1, 66, 4, 3, 24, 84, 72, 36, 72, 32, 88, 36, 28, 3, 24, 1, 3, 1, 4, 3, 2, 4, 2, 4, 3, 4, 1, 4, 0, 4, 1, 2, 3, 1, 3, 1, 2, 1, 4, 1, 2, 0, 16.3, 17.7, 22.6, 41.8, 54.0, 68.8, 156.1, 168.4, 390.9, 735.7, 3352.6, 5113.3, 20626.0, 10, 11, 11, 12, 14, 16, 18, 20, 35, 38, 49, 51, 66, 8, 58, 36, 54;
1, 51, 4, 1, 72, 54, 32, 40, 30, 33, 30, 32, 24, 24, 6, 1, 1, 3, 3, 1, 4, 2, 3, 3, 4, 4, 4, 3, 0, 2, 2, 4, 1, 3, 2, 2, 1, 1, 1, 2, 3, 0, 15.9, 18.6, 19.5, 32.6, 36.7, 79.1, 117.1, 231.1, 406.2, 524.5, 1223.3, 6146.9, 26600.8, 10, 10, 10, 11, 11, 15, 15, 21, 21, 21, 32, 35, 51, 9, 38, 39, 42;
1, 57, 4, 3, 72, 144, 192, 18, 4, 36, 17, 32, 32, 14, 6, 2, 3, 3, 4, 4, 3, 4, 2, 1, 4, 4, 2, 2, 0, 2, 1, 1, 2, 1, 3, 4, 1, 1, 3, 3, 3, 0, 16.0, 17.1, 17.6, 21.1, 52.7, 62.1, 113.7, 284.5, 281.3, 592.8, 2728.3, 8086.9, 20386.6, 10, 10, 10, 10, 11, 11, 18, 27, 29, 31, 44, 49, 57, 1, 39, 52, 56;
-1, 57, 4, 1, 96, 27, 54, 36, 22, 48, 16, 39, 18, 8, 1, 1, 1, 4, 1, 3, 2, 1, 3, 1, 3, 2, 2, 1, 0, 1, 4, 2, 3, 4, 2, 4, 2, 3, 3, 4, 4, 0, 17.3, 17.6, 25.8, 37.0, 60.9, 90.2, 117.0, 250.9, 410.1, 1290.2, 2173.4, 11936.9, 41453.9, 10, 10, 11, 12, 14, 18, 22, 30, 32, 42, 44, 50, 57, -9, 33, 42, 66;
1, 63, 4, 2, 96, 66, 46, 96, 80, 42, 32, 72, 21, 32, 4, 4, 2, 4, 3, 2, 4, 4, 3, 2, 4, 3, 4, 4, 0, 1, 2, 3, 1, 1, 2, 3, 1, 2, 1, 1, 1, 0, 15.5, 18.0, 15.7, 31.3, 37.8, 43.3, 112.9, 218.6, 280.2, 655.1, 1194.6, 4820.3, 15534.4, 10, 11, 11, 13, 13, 15, 21, 29, 35, 39, 55, 55, 63, 3, 55, 60, 55;
1, 82, 4, 1, 96, 21, 96, 50, 30, 36, 48, 27, 15, 8, 8, 1, 1, 4, 1, 4, 2, 2, 3, 4, 3, 3, 2, 4, 0, 1, 4, 1, 3, 3, 2, 1, 2, 2, 3, 1, 4, 0, 16.4, 16.7, 26.9, 28.7, 61.1, 100.1, 195.9, 261.2, 411.1, 1119.5, 2873.3, 4332.5, 42072.2, 10, 11, 13, 15, 16, 19, 22, 24, 43, 45, 55, 69, 82, 24, 58, 42, 39;
-1, 57, 4, 3, 24, 64, 80, 30, 56, 42, 42, 12, 4, 16, 3, 1, 3, 1, 4, 4, 2, 2, 3, 3, 2, 1, 4, 1, 0, 4, 1, 1, 3, 3, 2, 2, 3, 4, 1, 4, 1, 0, 17.2, 21.7, 22.8, 30.2, 56.2, 71.1, 107.4, 253.3, 449.4, 1298.5, 1794.8, 14200.2, 17258.3, 10, 11, 11, 11, 17, 17, 19, 20, 40, 42, 42, 57, 57, -14, 37, 43, 71;
1, 72, 4, 1, 48, 108, 42, 48, 11, 15, 20, 24, 12, 20, 3, 2, 1, 2, 4, 3, 4, 1, 3, 2, 4, 3, 4, 3, 0, 3, 1, 2, 1, 4, 2, 3, 1, 2, 1, 2, 3, 0, 15.9, 17.3, 20.4, 33.4, 43.4, 114.8, 124.4, 289.9, 419.3, 598.3, 1162.4, 7103.1, 25552.6, 10, 10, 11, 12, 13, 21, 22, 27, 31, 33, 36, 55, 72, 13, 36, 59, 55;
-1, 50, 4, 2, 96, 81, 80, 16, 56, 16, 33, 8, 3, 10, 15, 1, 2, 4, 3, 4, 1, 4, 1, 3, 1, 3, 2, 3, 0, 1, 2, 1, 4, 1, 4, 2, 4, 2, 3, 2, 1, 0, 16.8, 17.0, 16.2, 21.8, 44.3, 47.7, 163.3, 217.1, 521.0, 700.6, 1779.6, 3548.8, 14789.5, 10, 10, 13, 13, 14, 14, 19, 24, 34, 34, 36, 38, 50, -22, 30, 41, 72;
1, 57, 4, 4, 48, 66, 96, 30, 48, 45, 14, 16, 10, 6, 3, 2, 4, 2, 3, 4, 3, 3, 3, 1, 4, 2, 2, 3, 0, 3, 2, 1, 2, 2, 2, 4, 1, 3, 3, 2, 1, 0, 17.8, 21.1, 30.8, 40.9, 55.6, 97.1, 168.1, 342.3, 354.2, 1194.8, 2752.9, 5232.2, 17434.3, 10, 11, 11, 11, 12, 15, 18, 28, 30, 41, 46, 46, 57, 4, 38, 53, 49;
1, 61, 4, 1, 96, 18, 40, 60, 66, 20, 24, 12, 12, 8, 16, 1, 1, 4, 1, 2, 3, 3, 2, 3, 2, 2, 2, 4, 0, 1, 4, 3, 2, 2, 3, 2, 3, 3, 3, 1, 4, 0, 18.1, 20.2, 25.4, 43.4, 63.7, 90.6, 225.3, 281.8, 626.4, 974.3, 3412.3, 5814.6, 41939.6, 10, 10, 11, 12, 13, 14, 19, 29, 39, 42, 49, 53, 61, 12, 41, 36, 49;
