#======================================================================================
# Kingdomino AI Experiment
#--------------------------------------------------------------------------------------
# 
# Player strategy:   MCE_FG_R
# Opponent strategy: FULL_GREEDY
# 
# Max search time: 10 (s)
# Max playouts: 0
# Runs: 200
# 
# System: Linux 3.20GHz
# Output file: kdom_exp-20170401-134843-rev-9365304-cpu-3.20GHz/kdom_exp_MCE_FG_R_vs_FULL_GREEDY_T10_P0.m
# 
# Executing: 'java -jar out/kdom-exp.jar MCE_FG_R FULL_GREEDY kdom_exp-20170401-134843-rev-9365304-cpu-3.20GHz/kdom_exp_MCE_FG_R_vs_FULL_GREEDY_T10_P0.m 10 0'
# Git Revision: 9365304
#--------------------------------------------------------------------------------------

# win, score, num_players, available_moves(13), available_draft(13), chosen_draft_position(13), playouts_per_second(13), scores(13), score_diff, opponent_scores(3)
kdom_exp_MCE_FG_R_vs_FULL_GREEDY_T10_P0 = [
-1, 59, 4, 1, 96, 81, 48, 30, 36, 9, 39, 32, 18, 20, 9, 1, 1, 4, 3, 4, 3, 4, 1, 3, 4, 3, 4, 3, 0, 1, 2, 1, 2, 1, 4, 2, 1, 2, 1, 2, 4, 0, 18.0, 18.5, 27.3, 35.7, 46.4, 69.9, 137.1, 210.9, 337.9, 680.3, 1127.8, 5795.8, 37078.0, 10, 10, 11, 11, 11, 14, 22, 27, 29, 38, 43, 50, 59, -1, 58, 60, 33;
1, 68, 4, 1, 96, 48, 72, 60, 50, 57, 18, 20, 24, 10, 8, 1, 1, 4, 3, 4, 3, 2, 3, 2, 2, 4, 2, 4, 0, 1, 2, 1, 2, 3, 2, 3, 3, 1, 3, 1, 3, 0, 17.3, 17.4, 23.9, 30.6, 61.0, 72.5, 112.6, 210.2, 373.8, 443.3, 2255.4, 2571.4, 27763.2, 10, 10, 11, 11, 14, 15, 18, 29, 36, 40, 49, 55, 68, 6, 62, 47, 44;
1, 74, 4, 2, 96, 81, 66, 128, 10, 72, 80, 20, 18, 3, 15, 3, 2, 4, 3, 3, 4, 1, 4, 4, 2, 3, 3, 3, 0, 1, 2, 2, 1, 4, 1, 1, 3, 2, 2, 2, 2, 0, 17.0, 17.1, 18.8, 29.6, 33.8, 91.4, 107.8, 156.2, 562.5, 854.4, 1676.9, 6796.4, 21035.7, 10, 10, 11, 14, 14, 18, 18, 22, 41, 44, 44, 58, 74, 20, 40, 46, 54;
1, 65, 4, 3, 24, 116, 84, 45, 28, 72, 24, 40, 7, 15, 9, 1, 3, 1, 4, 3, 3, 2, 4, 3, 4, 1, 3, 3, 0, 4, 1, 2, 2, 3, 1, 2, 1, 4, 2, 2, 3, 0, 15.5, 15.3, 19.4, 28.4, 53.9, 90.5, 117.0, 226.0, 369.9, 1174.8, 1902.7, 5345.4, 20787.5, 10, 11, 12, 13, 14, 15, 17, 23, 32, 45, 46, 55, 65, 12, 33, 48, 53;
-1, 55, 4, 1, 96, 54, 50, 20, 84, 17, 16, 14, 32, 4, 8, 1, 1, 4, 2, 2, 2, 4, 1, 4, 2, 4, 1, 4, 0, 1, 3, 3, 3, 1, 4, 1, 3, 1, 4, 1, 4, 0, 17.2, 16.4, 22.9, 37.8, 57.6, 75.8, 192.7, 222.4, 458.7, 553.1, 3314.4, 4670.5, 42596.1, 10, 10, 11, 12, 13, 15, 16, 18, 20, 20, 39, 41, 55, -15, 51, 54, 70;
-1, 55, 4, 3, 72, 124, 90, 56, 56, 44, 39, 8, 16, 2, 8, 2, 3, 3, 4, 3, 2, 4, 2, 3, 4, 4, 2, 2, 0, 2, 1, 2, 3, 1, 3, 2, 1, 1, 3, 3, 1, 0, 16.6, 15.5, 15.9, 23.6, 44.6, 59.8, 114.9, 172.1, 197.4, 531.5, 1583.4, 6529.2, 9188.1, 10, 10, 10, 11, 12, 12, 15, 15, 15, 35, 39, 44, 55, -8, 47, 63, 63;
1, 66, 4, 4, 24, 112, 60, 96, 54, 60, 48, 4, 42, 18, 6, 2, 4, 1, 4, 3, 4, 3, 4, 4, 4, 3, 2, 2, 0, 4, 1, 2, 1, 2, 1, 1, 1, 2, 3, 3, 3, 0, 16.2, 17.0, 19.0, 33.1, 34.9, 65.5, 134.7, 182.9, 348.5, 648.7, 2421.5, 5980.2, 22773.2, 10, 11, 13, 14, 14, 20, 22, 26, 26, 37, 41, 52, 66, 18, 45, 48, 43;
-1, 59, 4, 3, 48, 66, 75, 108, 88, 88, 22, 16, 12, 20, 2, 2, 3, 2, 3, 3, 3, 4, 4, 2, 4, 2, 4, 2, 0, 3, 2, 2, 2, 1, 1, 3, 1, 3, 1, 3, 3, 0, 16.8, 19.5, 24.7, 41.1, 61.1, 73.8, 108.8, 323.2, 451.4, 933.6, 1399.4, 8915.4, 23376.6, 10, 11, 11, 11, 11, 11, 11, 14, 18, 28, 46, 49, 59, -4, 38, 52, 63;
1, 53, 4, 3, 72, 44, 112, 56, 39, 57, 48, 2, 16, 28, 6, 4, 3, 3, 2, 4, 4, 3, 3, 4, 2, 2, 4, 2, 0, 2, 3, 1, 1, 2, 2, 1, 3, 3, 1, 3, 2, 0, 18.3, 19.2, 28.4, 35.6, 45.3, 86.0, 143.4, 187.1, 336.5, 539.6, 940.9, 8725.9, 22466.0, 10, 11, 12, 12, 12, 16, 17, 26, 26, 31, 34, 46, 53, 3, 47, 38, 50;
-1, 69, 4, 4, 72, 54, 120, 124, 81, 52, 36, 11, 3, 7, 16, 2, 4, 3, 3, 4, 4, 3, 2, 2, 1, 3, 1, 4, 0, 2, 2, 1, 1, 2, 3, 3, 4, 2, 4, 1, 3, 0, 16.0, 15.7, 20.6, 23.1, 28.9, 71.4, 129.5, 282.6, 544.6, 673.3, 2203.4, 2951.0, 23863.6, 10, 10, 11, 11, 12, 18, 22, 30, 31, 31, 50, 56, 69, -9, 78, 38, 50;
1, 74, 4, 3, 72, 104, 72, 18, 20, 45, 56, 30, 16, 4, 8, 1, 3, 3, 4, 3, 3, 1, 3, 4, 3, 4, 1, 4, 0, 2, 1, 2, 2, 4, 2, 1, 2, 1, 4, 1, 3, 0, 16.5, 16.8, 20.1, 28.8, 34.8, 82.4, 96.6, 159.5, 460.1, 996.8, 2402.5, 2838.1, 24790.6, 10, 11, 11, 11, 11, 18, 18, 23, 25, 45, 54, 56, 74, 20, 50, 54, 53;
-1, 71, 4, 4, 48, 44, 16, 48, 32, 39, 40, 14, 28, 16, 3, 2, 4, 2, 2, 1, 3, 4, 3, 4, 2, 4, 4, 3, 0, 3, 3, 4, 2, 1, 2, 1, 3, 1, 1, 2, 3, 0, 16.6, 18.6, 24.3, 34.0, 46.3, 55.1, 107.2, 144.6, 344.8, 649.2, 1501.7, 7450.0, 25737.2, 10, 11, 12, 14, 14, 14, 17, 19, 20, 27, 43, 52, 71, -1, 72, 63, 57;
1, 62, 4, 1, 72, 72, 20, 64, 40, 16, 36, 18, 10, 24, 12, 1, 1, 3, 4, 1, 4, 2, 2, 3, 3, 1, 4, 4, 0, 2, 1, 4, 1, 3, 3, 2, 2, 4, 1, 1, 4, 0, 16.0, 18.0, 22.5, 33.5, 42.9, 60.3, 86.7, 140.8, 270.0, 907.9, 1036.6, 2848.6, 37196.2, 10, 10, 10, 12, 12, 15, 21, 26, 29, 42, 46, 56, 62, 13, 46, 49, 46;
-1, 45, 4, 1, 48, 64, 120, 52, 56, 6, 40, 12, 16, 10, 3, 1, 1, 2, 4, 4, 2, 4, 3, 4, 2, 4, 2, 3, 0, 3, 1, 1, 3, 1, 2, 1, 3, 1, 3, 2, 2, 0, 18.3, 17.9, 20.4, 30.7, 63.4, 81.6, 154.7, 222.1, 629.9, 933.3, 2637.0, 6303.3, 21545.0, 10, 12, 12, 12, 12, 12, 12, 18, 26, 30, 42, 42, 45, -37, 57, 82, 69;
1, 70, 4, 1, 72, 64, 84, 6, 88, 18, 28, 72, 8, 16, 6, 1, 1, 3, 4, 4, 3, 4, 3, 2, 4, 1, 4, 2, 0, 2, 1, 1, 2, 1, 2, 3, 1, 4, 1, 3, 3, 0, 16.7, 17.0, 17.3, 32.6, 60.3, 77.2, 160.2, 264.1, 268.7, 741.9, 1309.7, 8433.8, 23525.9, 10, 10, 10, 10, 10, 10, 16, 17, 21, 34, 46, 50, 70, 9, 50, 35, 61;
-1, 50, 4, 1, 96, 48, 28, 80, 40, 64, 18, 8, 21, 8, 4, 1, 1, 4, 3, 2, 4, 2, 4, 2, 2, 3, 4, 2, 0, 1, 2, 3, 1, 3, 1, 3, 3, 2, 1, 3, 3, 0, 17.6, 18.3, 21.5, 32.4, 35.4, 79.8, 98.3, 265.2, 560.3, 800.0, 1634.7, 9882.2, 26034.7, 10, 10, 11, 12, 14, 16, 22, 28, 29, 34, 38, 40, 50, -3, 52, 45, 53;
1, 66, 4, 4, 48, 108, 60, 80, 44, 72, 48, 27, 32, 10, 6, 1, 4, 2, 4, 3, 4, 2, 4, 4, 3, 4, 2, 2, 0, 3, 1, 2, 1, 3, 1, 1, 2, 1, 3, 3, 3, 0, 17.1, 18.1, 24.5, 34.2, 47.0, 77.2, 102.3, 162.6, 418.1, 672.2, 2135.7, 7813.3, 25864.9, 10, 12, 13, 13, 13, 14, 16, 24, 29, 32, 48, 49, 66, 2, 61, 64, 55;
-1, 58, 4, 4, 24, 72, 16, 48, 56, 20, 40, 30, 48, 9, 4, 1, 4, 1, 4, 1, 3, 4, 1, 4, 2, 4, 3, 2, 0, 4, 1, 4, 2, 1, 4, 1, 3, 1, 2, 3, 1, 0, 16.2, 17.8, 20.4, 35.4, 52.3, 65.8, 110.7, 123.0, 319.8, 536.5, 1667.4, 7316.0, 14120.8, 10, 11, 11, 15, 16, 18, 19, 19, 21, 21, 26, 49, 58, -6, 45, 64, 34;
1, 50, 4, 3, 48, 64, 81, 44, 88, 12, 3, 64, 32, 8, 6, 2, 3, 2, 4, 3, 2, 4, 2, 3, 4, 4, 2, 2, 0, 3, 1, 2, 3, 1, 3, 2, 1, 1, 3, 3, 2, 0, 16.3, 19.1, 21.7, 30.2, 40.8, 49.8, 197.1, 258.9, 493.0, 987.1, 3268.9, 8455.0, 13624.6, 10, 11, 11, 14, 15, 15, 19, 22, 26, 27, 31, 41, 50, 13, 37, 27, 33;
1, 70, 4, 3, 48, 108, 63, 62, 88, 30, 54, 96, 36, 15, 3, 2, 3, 2, 3, 3, 2, 4, 3, 3, 4, 3, 3, 1, 0, 3, 2, 2, 3, 1, 2, 2, 1, 2, 2, 4, 1, 0, 17.7, 17.9, 17.4, 23.6, 38.7, 62.1, 92.5, 181.7, 199.4, 767.3, 1917.0, 12300.7, 14197.2, 10, 11, 13, 14, 14, 14, 16, 21, 21, 25, 33, 39, 70, 13, 44, 57, 41;
-1, 44, 4, 3, 48, 144, 12, 20, 4, 39, 3, 7, 16, 8, 8, 2, 3, 2, 4, 1, 2, 4, 3, 1, 1, 4, 4, 4, 0, 3, 1, 4, 3, 1, 2, 4, 4, 1, 1, 1, 4, 0, 17.6, 20.0, 20.8, 37.3, 62.3, 75.5, 134.9, 297.4, 490.2, 580.2, 1409.9, 4270.9, 41177.6, 10, 11, 11, 13, 14, 14, 16, 18, 25, 27, 32, 32, 44, -18, 46, 60, 62;
1, 60, 4, 3, 24, 64, 72, 15, 4, 32, 9, 40, 14, 2, 24, 1, 3, 1, 4, 4, 1, 1, 4, 1, 4, 2, 1, 4, 0, 4, 1, 1, 4, 4, 1, 4, 1, 3, 4, 1, 4, 0, 16.7, 17.9, 17.5, 25.2, 65.5, 97.7, 98.0, 296.4, 288.9, 1154.3, 2823.2, 3400.2, 37129.6, 10, 11, 11, 11, 12, 14, 14, 22, 22, 33, 44, 46, 60, 5, 44, 55, 47;
1, 62, 4, 3, 48, 88, 26, 72, 112, 57, 24, 56, 16, 16, 1, 2, 3, 2, 4, 1, 4, 4, 3, 2, 4, 2, 4, 1, 0, 3, 1, 4, 1, 1, 2, 3, 1, 3, 1, 4, 1, 0, 17.1, 16.7, 21.0, 39.2, 43.6, 67.0, 100.9, 189.5, 242.6, 862.9, 1153.5, 14653.7, 17258.3, 10, 11, 12, 15, 19, 23, 24, 27, 33, 44, 44, 48, 62, 4, 30, 58, 47;
1, 78, 4, 3, 72, 66, 50, 48, 40, 39, 33, 21, 15, 12, 4, 2, 3, 3, 3, 2, 3, 2, 3, 3, 3, 3, 4, 2, 0, 2, 2, 3, 2, 3, 2, 2, 2, 2, 1, 3, 1, 0, 17.9, 19.6, 24.4, 33.7, 50.1, 77.5, 112.2, 199.5, 452.5, 829.8, 1590.3, 8981.3, 11982.1, 10, 11, 13, 14, 15, 16, 18, 19, 24, 29, 50, 63, 78, 21, 57, 41, 38;
