#======================================================================================
# Kingdomino AI Experiment
#--------------------------------------------------------------------------------------
# 
# Player strategy:   MC_TR_TR_WDL
# Opponent strategy: FULL_GREEDY
# 
# Runs: 1000
# Output file: kdom_exp-20170323-181853-rev-4f92fab/kdom_exp_MC_TR_TR_WDL_vs_FULL_GREEDY.m
# 
# Executing: 'java -jar out/kdom-exp.jar MC_TR_TR_WDL FULL_GREEDY kdom_exp-20170323-181853-rev-4f92fab/kdom_exp_MC_TR_TR_WDL_vs_FULL_GREEDY.m'
# Git Revision: 4f92fab
#--------------------------------------------------------------------------------------

# win, score, num_players, available_moves(13), available_draft(13), chosen_draft_position(13), playouts_per_second(13), scores(13)
kdom_exp_MC_TR_TR_WDL_vs_FULL_GREEDY = [
1, 62, 4, 1, 24, 54, 16, 96, 42, 44, 7, 32, 27, 8, 2, 1, 1, 1, 3, 1, 4, 3, 4, 1, 4, 3, 4, 2, 0, 4, 2, 4, 1, 2, 1, 4, 1, 2, 1, 3, 1, 0, 4709.0, 5444.7, 5651.1, 6484.0, 6664.1, 7561.7, 8344.5, 11415.6, 12053.3, 15691.2, 19226.9, 26374.6, 38123.0, 10, 11, 11, 16, 16, 17, 22, 34, 38, 46, 47, 62, 62;
-1, 53, 4, 2, 48, 54, 40, 48, 10, 24, 20, 8, 40, 6, 4, 2, 2, 2, 3, 2, 3, 1, 3, 2, 1, 4, 1, 2, 0, 3, 2, 3, 2, 4, 2, 3, 4, 1, 4, 3, 1, 0, 4622.7, 5428.6, 5809.1, 6493.8, 7062.6, 8481.3, 8862.7, 10833.7, 12750.6, 13502.9, 20098.7, 25961.9, 37237.6, 10, 11, 12, 15, 19, 21, 25, 29, 34, 36, 39, 44, 53;
1, 63, 4, 3, 48, 88, 20, 18, 10, 56, 18, 24, 16, 6, 2, 2, 3, 2, 4, 1, 3, 1, 4, 3, 4, 4, 2, 1, 0, 3, 1, 4, 2, 4, 1, 2, 1, 1, 3, 4, 1, 0, 4829.8, 5473.2, 5802.6, 6881.7, 7150.5, 8416.0, 8827.1, 10443.7, 11905.0, 14104.3, 21110.3, 29129.3, 40046.7, 10, 12, 13, 14, 14, 20, 23, 29, 31, 39, 52, 58, 63;
1, 57, 4, 2, 96, 22, 80, 10, 42, 20, 27, 12, 20, 3, 6, 1, 2, 4, 1, 4, 1, 3, 2, 3, 2, 4, 1, 3, 0, 1, 4, 1, 4, 2, 3, 2, 3, 1, 4, 2, 1, 0, 4654.6, 4956.6, 5932.3, 6129.3, 7461.0, 7875.8, 9005.8, 10343.5, 12795.4, 14435.0, 21751.6, 25484.3, 36954.0, 10, 11, 12, 14, 16, 21, 30, 32, 37, 47, 49, 57, 57;
0, 65, 4, 2, 48, 88, 22, 56, 30, 22, 24, 40, 21, 24, 3, 1, 2, 2, 4, 1, 4, 2, 2, 4, 4, 3, 4, 1, 0, 3, 1, 4, 1, 3, 3, 1, 1, 2, 1, 4, 2, 0, 4660.6, 5155.4, 5415.1, 6333.5, 6499.3, 8194.3, 9211.0, 9911.7, 11674.4, 14595.4, 17481.0, 26918.7, 41975.3, 10, 11, 12, 14, 16, 18, 23, 27, 34, 47, 53, 58, 65;
0, 58, 4, 4, 24, 54, 80, 19, 24, 36, 5, 21, 8, 3, 8, 1, 4, 1, 3, 4, 1, 3, 3, 1, 3, 2, 1, 4, 0, 4, 2, 1, 4, 2, 2, 4, 2, 3, 4, 1, 3, 0, 4922.0, 5643.0, 5877.0, 6269.8, 7464.2, 7851.0, 9220.6, 11054.8, 12479.5, 16357.8, 22618.5, 24628.3, 46383.2, 10, 11, 11, 14, 15, 15, 22, 24, 25, 31, 36, 38, 58;
-1, 46, 4, 1, 72, 66, 32, 10, 4, 24, 33, 4, 6, 8, 3, 3, 1, 3, 3, 2, 1, 4, 2, 3, 1, 3, 2, 1, 0, 2, 2, 3, 4, 1, 3, 2, 4, 2, 3, 4, 1, 0, 4713.6, 5222.2, 5682.6, 6478.9, 7515.2, 7587.5, 9166.9, 10161.9, 13195.5, 14822.7, 18470.2, 26936.4, 38963.7, 10, 10, 11, 14, 16, 16, 18, 20, 23, 23, 25, 44, 46;
1, 56, 4, 1, 72, 36, 48, 54, 54, 36, 48, 30, 6, 6, 1, 1, 1, 3, 2, 2, 3, 3, 3, 4, 3, 2, 3, 1, 0, 2, 3, 3, 2, 2, 2, 1, 2, 3, 2, 4, 4, 0, 4536.5, 4945.7, 5502.9, 6114.4, 6680.3, 7323.9, 8625.0, 9684.9, 11969.2, 15701.8, 18183.7, 30824.8, 52780.2, 10, 10, 11, 14, 16, 19, 23, 29, 36, 40, 47, 56, 56;
1, 54, 4, 2, 72, 36, 20, 72, 12, 48, 16, 24, 3, 8, 6, 1, 2, 3, 2, 1, 4, 1, 4, 2, 4, 1, 4, 2, 0, 2, 3, 4, 1, 4, 1, 3, 1, 4, 1, 3, 4, 0, 4639.4, 5198.2, 5720.0, 6485.0, 6746.6, 8446.6, 8813.0, 10772.6, 11739.5, 16628.8, 17593.3, 27327.9, 51145.7, 10, 10, 12, 15, 17, 20, 20, 24, 24, 29, 33, 40, 54;
1, 56, 4, 1, 96, 36, 48, 42, 10, 20, 48, 21, 6, 16, 4, 1, 1, 4, 2, 4, 3, 1, 2, 4, 3, 2, 4, 4, 0, 1, 3, 1, 2, 4, 3, 1, 2, 3, 1, 1, 1, 0, 4567.9, 4900.0, 5609.4, 5854.5, 6661.5, 7906.8, 9056.6, 9585.2, 11856.0, 14102.6, 15164.9, 21178.1, 34455.4, 10, 10, 12, 12, 15, 21, 29, 31, 38, 39, 47, 56, 56;
1, 58, 4, 3, 24, 44, 48, 36, 10, 24, 20, 24, 12, 9, 2, 1, 3, 1, 2, 4, 3, 1, 4, 2, 4, 3, 3, 1, 0, 4, 3, 1, 2, 4, 1, 3, 1, 2, 2, 4, 3, 0, 4793.7, 5466.3, 5983.9, 6237.7, 7048.6, 8635.3, 8947.4, 10741.4, 12087.0, 15670.9, 21563.7, 33364.3, 47275.7, 10, 12, 13, 13, 14, 18, 20, 23, 29, 39, 49, 58, 58;
1, 68, 4, 4, 48, 72, 48, 24, 24, 18, 6, 24, 16, 3, 8, 2, 4, 2, 4, 3, 2, 3, 3, 1, 4, 4, 1, 4, 0, 3, 1, 2, 3, 2, 2, 4, 1, 1, 4, 1, 1, 0, 4797.7, 5479.9, 5731.5, 6389.9, 7428.7, 7999.1, 8946.2, 11146.5, 11625.1, 14237.2, 20337.0, 22154.9, 39393.4, 10, 11, 11, 12, 14, 14, 21, 27, 35, 50, 55, 63, 68;
1, 55, 4, 4, 24, 54, 24, 72, 12, 30, 16, 16, 3, 2, 16, 2, 4, 1, 3, 1, 4, 1, 2, 2, 4, 1, 1, 4, 0, 4, 2, 4, 1, 4, 3, 3, 1, 4, 4, 1, 4, 0, 4852.1, 5630.6, 5845.8, 6681.4, 6934.1, 8534.3, 9573.9, 10955.6, 11908.3, 16837.0, 21221.1, 23308.1, 49858.0, 10, 12, 12, 15, 17, 20, 29, 32, 34, 39, 41, 43, 55;
1, 57, 4, 1, 96, 18, 60, 76, 17, 24, 18, 21, 4, 12, 8, 2, 1, 4, 1, 3, 4, 1, 4, 2, 3, 1, 3, 4, 0, 1, 4, 2, 1, 4, 1, 3, 2, 4, 2, 1, 1, 0, 4823.2, 5152.7, 6050.1, 6450.4, 6732.6, 8404.4, 8707.9, 10664.6, 12255.5, 16345.8, 17955.6, 20917.7, 36599.6, 10, 11, 12, 14, 16, 20, 20, 25, 28, 34, 40, 45, 57;
-1, 26, 4, 2, 72, 62, 88, 24, 12, 1, 15, 2, 14, 32, 4, 1, 2, 3, 2, 4, 4, 2, 1, 3, 1, 2, 4, 4, 0, 2, 3, 1, 1, 3, 4, 2, 4, 3, 1, 1, 1, 0, 4746.5, 5108.6, 5722.9, 6015.4, 6615.8, 7742.6, 9203.9, 9958.0, 13492.7, 16195.3, 18417.7, 24595.6, 39109.7, 10, 10, 13, 13, 14, 16, 16, 16, 23, 26, 26, 26, 26;
1, 56, 4, 3, 72, 66, 36, 32, 64, 18, 24, 6, 4, 12, 8, 2, 3, 3, 3, 2, 2, 4, 2, 3, 1, 4, 2, 2, 0, 2, 2, 3, 3, 1, 3, 2, 4, 1, 3, 3, 1, 0, 4895.7, 5410.7, 5870.5, 6708.3, 7492.3, 7984.4, 9887.7, 10940.9, 14502.7, 15155.2, 20407.5, 24939.6, 36653.8, 10, 11, 12, 13, 14, 20, 33, 36, 44, 44, 48, 52, 56;
-1, 43, 4, 4, 96, 36, 18, 30, 4, 8, 1, 8, 20, 8, 9, 2, 4, 4, 2, 1, 3, 1, 4, 1, 1, 4, 2, 3, 0, 1, 3, 4, 2, 4, 1, 4, 4, 1, 3, 2, 2, 0, 4871.2, 5302.0, 5959.0, 6918.8, 7097.3, 8536.3, 8862.9, 11250.4, 13630.9, 14401.4, 18627.8, 22842.9, 41866.9, 10, 10, 12, 16, 16, 18, 18, 26, 29, 30, 36, 37, 43;
-1, 47, 4, 1, 72, 22, 48, 18, 33, 12, 10, 8, 32, 10, 4, 1, 1, 3, 1, 4, 3, 3, 1, 2, 1, 4, 2, 2, 0, 2, 4, 1, 2, 2, 4, 3, 4, 1, 3, 3, 2, 0, 4981.6, 5424.6, 6298.1, 6562.6, 7283.2, 8116.2, 9829.7, 11227.6, 13461.5, 14243.6, 19084.4, 25415.9, 42957.4, 10, 10, 12, 12, 12, 15, 21, 26, 32, 32, 37, 47, 47;
-1, 59, 4, 4, 24, 104, 20, 39, 17, 4, 27, 36, 1, 4, 7, 7, 4, 1, 4, 1, 3, 1, 4, 3, 3, 1, 4, 1, 0, 4, 1, 4, 2, 4, 1, 2, 2, 4, 1, 4, 2, 0, 5020.0, 5667.0, 5847.4, 6661.3, 7087.8, 8661.0, 8898.4, 10581.7, 12282.1, 17470.5, 18296.6, 27624.5, 44088.5, 10, 12, 16, 17, 19, 25, 25, 30, 36, 37, 37, 54, 59;
-1, 47, 4, 4, 72, 18, 80, 18, 7, 36, 8, 24, 1, 4, 1, 2, 4, 3, 1, 4, 3, 1, 3, 2, 3, 1, 4, 1, 0, 2, 4, 1, 2, 4, 2, 3, 2, 4, 1, 4, 2, 0, 4959.2, 5540.6, 6182.7, 6345.7, 7267.0, 8791.2, 9438.3, 11396.1, 12860.3, 18580.3, 19428.6, 29894.2, 43727.2, 10, 12, 14, 14, 15, 18, 22, 29, 33, 36, 36, 44, 47;
-1, 41, 4, 4, 24, 72, 32, 24, 8, 30, 5, 16, 5, 6, 16, 1, 4, 1, 4, 2, 4, 1, 3, 1, 4, 1, 3, 4, 0, 4, 1, 3, 1, 4, 2, 4, 1, 4, 2, 1, 1, 0, 4907.8, 5734.6, 5875.0, 6679.6, 7177.4, 8750.6, 9525.2, 11895.3, 12283.6, 17294.3, 19315.1, 23685.7, 38196.1, 10, 12, 12, 13, 13, 16, 21, 29, 35, 41, 41, 41, 41;
-1, 74, 4, 3, 72, 22, 54, 48, 24, 18, 6, 20, 4, 12, 3, 1, 3, 3, 1, 3, 3, 3, 2, 1, 4, 1, 4, 1, 0, 2, 4, 2, 2, 2, 3, 4, 1, 4, 1, 4, 2, 0, 4640.6, 5073.3, 5787.3, 6102.7, 6829.1, 7789.0, 9133.7, 11017.9, 11632.0, 15827.9, 16868.9, 27776.0, 41114.8, 10, 11, 12, 12, 13, 18, 28, 36, 41, 53, 58, 68, 74;
-1, 56, 4, 4, 24, 54, 48, 28, 56, 39, 8, 18, 6, 8, 9, 1, 4, 1, 3, 3, 2, 4, 3, 1, 3, 2, 2, 3, 0, 4, 2, 2, 3, 1, 2, 4, 2, 3, 3, 2, 4, 0, 4927.1, 5617.4, 5861.8, 6397.9, 7373.4, 7811.1, 8920.9, 11534.5, 12802.9, 16556.0, 20506.6, 26609.8, 54920.6, 10, 12, 12, 13, 14, 18, 25, 29, 30, 34, 40, 46, 56;
1, 62, 4, 3, 48, 104, 24, 57, 57, 28, 12, 21, 32, 16, 4, 1, 3, 2, 4, 1, 3, 3, 2, 1, 3, 4, 4, 4, 0, 3, 1, 4, 2, 2, 3, 4, 2, 1, 1, 1, 1, 0, 4746.1, 5411.8, 5692.9, 6456.4, 6915.0, 7829.9, 9606.0, 11505.2, 13148.9, 15478.0, 20394.9, 26152.8, 40282.2, 10, 11, 13, 14, 16, 24, 34, 37, 40, 46, 61, 62, 62;
