#======================================================================================
# Kingdomino AI Experiment
#--------------------------------------------------------------------------------------
# 
# Player strategy:   GREEDY_PLACEMENT_RANDOM_DRAFT
# Opponent strategy: TRUE_RANDOM
# 
# Runs: 40
# Output file: kdom_exp-20170322-190642-rev-e1c05da/kdom_exp_GREEDY_PLACEMENT_RANDOM_DRAFT_vs_TRUE_RANDOM.m
# 
# Executing: 'java -jar out/kdom-exp.jar GREEDY_PLACEMENT_RANDOM_DRAFT TRUE_RANDOM kdom_exp-20170322-190642-rev-e1c05da/kdom_exp_GREEDY_PLACEMENT_RANDOM_DRAFT_vs_TRUE_RANDOM.m'
# Git Revision: e1c05da
#--------------------------------------------------------------------------------------

# win, score, num_players, available_moves(13), available_draft(13), chosen_draft_position(13), playouts_per_second(13), scores(13)
kdom_exp_GREEDY_PLACEMENT_RANDOM_DRAFT_vs_TRUE_RANDOM = [
1, 50, 4, 4, 24, 22, 69, 66, 15, 34, 40, 5, 12, 3, 8, 1, 4, 1, 1, 3, 3, 1, 2, 4, 1, 2, 1, 4, 0, 4, 4, 2, 2, 4, 3, 1, 4, 3, 4, 1, 3, 0, 0.0, 0.0, 0.0, 0.0, 0.0, 0.0, 0.0, 0.0, 0.0, 0.0, 0.0, 0.0, 0.0, 10, 12, 14, 18, 19, 21, 27, 27, 32, 35, 43, 43, 50;
1, 36, 4, 3, 48, 64, 16, 14, 12, 48, 45, 7, 24, 2, 8, 1, 3, 2, 4, 1, 1, 1, 3, 3, 1, 3, 1, 4, 0, 3, 1, 4, 4, 4, 2, 2, 4, 2, 4, 1, 3, 0, 0.0, 0.0, 0.0, 0.0, 0.0, 0.0, 0.0, 0.0, 0.0, 0.0, 0.0, 0.0, 0.0, 10, 11, 11, 15, 15, 17, 22, 26, 28, 33, 36, 36, 36;
1, 36, 4, 2, 72, 84, 48, 39, 96, 24, 38, 40, 21, 12, 3, 1, 2, 3, 4, 3, 3, 4, 3, 2, 2, 3, 2, 1, 0, 2, 1, 2, 2, 1, 2, 3, 3, 2, 3, 4, 1, 0, 0.0, 0.0, 0.0, 0.0, 0.0, 0.0, 0.0, 0.0, 0.0, 0.0, 0.0, 0.0, 0.0, 10, 10, 10, 10, 12, 14, 14, 17, 22, 24, 25, 30, 36;
1, 31, 4, 1, 96, 27, 87, 8, 60, 18, 4, 4, 7, 6, 8, 1, 1, 4, 1, 3, 2, 3, 3, 1, 2, 1, 2, 4, 0, 1, 4, 2, 3, 2, 2, 4, 3, 4, 3, 1, 2, 0, 0.0, 0.0, 0.0, 0.0, 0.0, 0.0, 0.0, 0.0, 0.0, 0.0, 0.0, 0.0, 0.0, 10, 10, 11, 12, 13, 15, 17, 22, 24, 26, 31, 31, 31;
-1, 15, 4, 1, 48, 22, 84, 24, 24, 14, 88, 2, 3, 4, 12, 1, 1, 2, 1, 4, 2, 2, 1, 4, 1, 3, 4, 4, 0, 3, 4, 1, 3, 3, 4, 1, 4, 2, 1, 1, 2, 0, 0.0, 0.0, 0.0, 0.0, 0.0, 0.0, 0.0, 0.0, 0.0, 0.0, 0.0, 0.0, 0.0, 10, 11, 14, 14, 15, 16, 18, 18, 12, 15, 15, 15, 15;
1, 43, 4, 4, 96, 84, 21, 81, 54, 10, 11, 64, 1, 12, 2, 1, 4, 4, 4, 1, 3, 3, 1, 1, 4, 1, 2, 1, 0, 1, 1, 4, 2, 2, 4, 4, 1, 4, 3, 4, 1, 0, 0.0, 0.0, 0.0, 0.0, 0.0, 0.0, 0.0, 0.0, 0.0, 0.0, 0.0, 0.0, 0.0, 10, 11, 12, 14, 16, 16, 20, 28, 28, 39, 41, 43, 43;
1, 58, 4, 3, 48, 87, 90, 84, 32, 64, 45, 42, 18, 5, 6, 1, 3, 2, 3, 3, 3, 2, 4, 3, 3, 2, 1, 3, 0, 3, 2, 2, 2, 3, 1, 2, 2, 3, 4, 2, 3, 0, 0.0, 0.0, 0.0, 0.0, 0.0, 0.0, 0.0, 0.0, 0.0, 0.0, 0.0, 0.0, 0.0, 10, 12, 14, 16, 20, 23, 23, 27, 29, 37, 47, 50, 58;
1, 45, 4, 3, 48, 104, 60, 46, 15, 42, 54, 44, 32, 18, 2, 2, 3, 2, 4, 3, 2, 1, 2, 3, 4, 4, 3, 2, 0, 3, 1, 2, 3, 4, 3, 2, 1, 1, 2, 3, 1, 0, 0.0, 0.0, 0.0, 0.0, 0.0, 0.0, 0.0, 0.0, 0.0, 0.0, 0.0, 0.0, 0.0, 10, 11, 13, 15, 18, 21, 27, 32, 34, 36, 36, 38, 45;
1, 46, 4, 4, 24, 104, 152, 111, 24, 57, 28, 10, 18, 16, 4, 2, 4, 1, 4, 4, 3, 2, 3, 2, 2, 3, 4, 4, 0, 4, 1, 1, 2, 3, 2, 3, 3, 2, 1, 1, 2, 0, 0.0, 0.0, 0.0, 0.0, 0.0, 0.0, 0.0, 0.0, 0.0, 0.0, 0.0, 0.0, 0.0, 10, 11, 13, 15, 17, 19, 26, 30, 34, 34, 36, 36, 46;
1, 44, 4, 3, 48, 44, 46, 26, 78, 28, 26, 48, 7, 24, 1, 1, 3, 2, 2, 2, 1, 3, 2, 2, 4, 1, 4, 1, 0, 3, 3, 3, 4, 2, 3, 3, 1, 4, 1, 4, 3, 0, 0.0, 0.0, 0.0, 0.0, 0.0, 0.0, 0.0, 0.0, 0.0, 0.0, 0.0, 0.0, 0.0, 10, 11, 13, 14, 17, 19, 23, 28, 30, 35, 39, 44, 44;
-1, 37, 4, 3, 24, 27, 87, 51, 16, 64, 18, 4, 12, 4, 6, 1, 3, 1, 1, 3, 3, 1, 4, 3, 1, 2, 2, 3, 0, 4, 4, 2, 2, 4, 1, 2, 4, 3, 3, 2, 2, 0, 0.0, 0.0, 0.0, 0.0, 0.0, 0.0, 0.0, 0.0, 0.0, 0.0, 0.0, 0.0, 0.0, 10, 11, 14, 19, 19, 24, 24, 27, 29, 29, 33, 37, 37;
1, 41, 4, 4, 24, 32, 80, 60, 40, 11, 32, 21, 21, 4, 8, 1, 4, 1, 2, 4, 3, 2, 1, 4, 3, 3, 1, 4, 0, 4, 3, 1, 2, 3, 4, 1, 2, 2, 4, 1, 2, 0, 0.0, 0.0, 0.0, 0.0, 0.0, 0.0, 0.0, 0.0, 0.0, 0.0, 0.0, 0.0, 0.0, 10, 12, 13, 16, 17, 21, 24, 28, 31, 33, 39, 41, 41;
-1, 40, 4, 3, 96, 66, 104, 24, 33, 76, 30, 16, 32, 16, 3, 1, 3, 4, 3, 4, 4, 3, 4, 3, 2, 4, 4, 3, 0, 1, 2, 1, 1, 2, 1, 2, 3, 1, 1, 2, 4, 0, 0.0, 0.0, 0.0, 0.0, 0.0, 0.0, 0.0, 0.0, 0.0, 0.0, 0.0, 0.0, 0.0, 10, 11, 12, 14, 14, 17, 23, 23, 25, 27, 31, 33, 40;
-1, 33, 4, 2, 48, 64, 40, 48, 17, 4, 40, 18, 4, 9, 18, 2, 2, 2, 4, 4, 2, 1, 1, 4, 2, 4, 3, 3, 0, 3, 1, 1, 3, 4, 4, 1, 3, 1, 2, 2, 2, 0, 0.0, 0.0, 0.0, 0.0, 0.0, 0.0, 0.0, 0.0, 0.0, 0.0, 0.0, 0.0, 0.0, 10, 11, 11, 11, 11, 19, 22, 24, 27, 27, 29, 31, 33;
1, 39, 4, 2, 24, 72, 12, 24, 80, 63, 30, 30, 7, 15, 1, 2, 2, 1, 4, 1, 3, 4, 3, 3, 3, 1, 3, 1, 0, 4, 1, 4, 2, 1, 2, 2, 2, 4, 2, 4, 2, 0, 0.0, 0.0, 0.0, 0.0, 0.0, 0.0, 0.0, 0.0, 0.0, 0.0, 0.0, 0.0, 0.0, 10, 11, 11, 13, 13, 15, 19, 19, 21, 25, 31, 32, 39;
0, 38, 4, 4, 24, 21, 80, 46, 21, 72, 52, 3, 12, 6, 4, 1, 4, 1, 1, 4, 2, 1, 3, 4, 1, 2, 3, 2, 0, 4, 4, 1, 3, 4, 2, 1, 4, 3, 2, 3, 3, 0, 0.0, 0.0, 0.0, 0.0, 0.0, 0.0, 0.0, 0.0, 0.0, 0.0, 0.0, 0.0, 0.0, 10, 11, 15, 18, 20, 26, 30, 30, 35, 35, 35, 38, 38;
1, 49, 4, 3, 24, 54, 28, 13, 64, 36, 64, 48, 27, 6, 1, 1, 3, 1, 3, 2, 1, 4, 2, 4, 3, 3, 1, 1, 0, 4, 2, 3, 4, 1, 3, 1, 2, 2, 4, 4, 4, 0, 0.0, 0.0, 0.0, 0.0, 0.0, 0.0, 0.0, 0.0, 0.0, 0.0, 0.0, 0.0, 0.0, 10, 11, 11, 13, 16, 18, 23, 27, 29, 31, 33, 36, 49;
0, 33, 4, 3, 72, 64, 40, 80, 112, 42, 10, 16, 6, 12, 6, 1, 3, 3, 4, 2, 4, 4, 3, 1, 4, 2, 3, 3, 0, 2, 1, 3, 1, 1, 2, 4, 1, 3, 2, 2, 4, 0, 0.0, 0.0, 0.0, 0.0, 0.0, 0.0, 0.0, 0.0, 0.0, 0.0, 0.0, 0.0, 0.0, 10, 11, 12, 15, 17, 19, 19, 25, 25, 26, 26, 26, 33;
1, 39, 4, 2, 96, 32, 104, 26, 8, 7, 30, 4, 12, 16, 4, 2, 2, 4, 2, 4, 1, 1, 1, 3, 1, 3, 4, 4, 0, 1, 3, 1, 4, 4, 4, 2, 4, 2, 1, 1, 3, 0, 0.0, 0.0, 0.0, 0.0, 0.0, 0.0, 0.0, 0.0, 0.0, 0.0, 0.0, 0.0, 0.0, 10, 10, 11, 13, 15, 17, 19, 21, 28, 36, 36, 36, 39;
1, 32, 4, 4, 24, 64, 39, 30, 32, 16, 10, 6, 24, 4, 16, 1, 4, 1, 4, 3, 2, 4, 4, 1, 1, 4, 2, 4, 0, 4, 1, 2, 3, 1, 1, 4, 4, 1, 3, 1, 1, 0, 0.0, 0.0, 0.0, 0.0, 0.0, 0.0, 0.0, 0.0, 0.0, 0.0, 0.0, 0.0, 0.0, 10, 12, 12, 12, 13, 13, 15, 18, 23, 23, 30, 32, 32;
1, 51, 4, 3, 24, 104, 8, 20, 7, 20, 18, 40, 20, 6, 9, 1, 3, 1, 4, 1, 2, 1, 1, 1, 4, 2, 2, 3, 0, 4, 1, 4, 3, 4, 4, 4, 1, 3, 3, 2, 4, 0, 0.0, 0.0, 0.0, 0.0, 0.0, 0.0, 0.0, 0.0, 0.0, 0.0, 0.0, 0.0, 0.0, 10, 12, 12, 14, 17, 19, 22, 26, 30, 34, 39, 45, 51;
1, 43, 4, 4, 48, 36, 48, 20, 52, 64, 42, 14, 12, 16, 6, 1, 4, 2, 2, 4, 2, 4, 4, 3, 2, 2, 4, 2, 0, 3, 3, 1, 3, 1, 1, 2, 3, 3, 1, 3, 3, 0, 0.0, 0.0, 0.0, 0.0, 0.0, 0.0, 0.0, 0.0, 0.0, 0.0, 0.0, 0.0, 0.0, 10, 11, 12, 12, 15, 16, 20, 23, 28, 33, 34, 36, 43;
1, 38, 4, 4, 72, 22, 38, 63, 63, 36, 88, 18, 6, 40, 5, 1, 4, 3, 1, 2, 3, 3, 2, 4, 2, 1, 4, 1, 0, 2, 4, 3, 2, 2, 3, 1, 3, 4, 1, 4, 1, 0, 0.0, 0.0, 0.0, 0.0, 0.0, 0.0, 0.0, 0.0, 0.0, 0.0, 0.0, 0.0, 0.0, 10, 11, 14, 18, 22, 26, 27, 27, 28, 33, 35, 38, 38;
0, 32, 4, 3, 48, 54, 120, 112, 24, 48, 11, 12, 21, 3, 4, 4, 3, 2, 3, 4, 4, 2, 3, 1, 3, 3, 3, 4, 0, 3, 2, 1, 1, 3, 2, 4, 2, 2, 2, 1, 3, 0, 0.0, 0.0, 0.0, 0.0, 0.0, 0.0, 0.0, 0.0, 0.0, 0.0, 0.0, 0.0, 0.0, 10, 12, 12, 12, 16, 16, 20, 22, 28, 28, 28, 28, 32;
1, 37, 4, 3, 24, 16, 19, 51, 48, 24, 24, 15, 8, 4, 2, 5, 3, 1, 1, 1, 3, 3, 3, 2, 3, 2, 4, 1, 0, 4, 4, 4, 2, 2, 2, 3, 2, 3, 1, 4, 4, 0, 0.0, 0.0, 0.0, 0.0, 0.0, 0.0, 0.0, 0.0, 0.0, 0.0, 0.0, 0.0, 0.0, 10, 12, 13, 19, 20, 20, 22, 22, 25, 29, 29, 30, 37;
1, 38, 4, 4, 72, 52, 28, 27, 72, 51, 18, 22, 3, 5, 8, 1, 4, 3, 2, 1, 1, 3, 3, 3, 2, 1, 1, 4, 0, 2, 3, 4, 4, 2, 2, 2, 3, 4, 4, 1, 1, 0, 0.0, 0.0, 0.0, 0.0, 0.0, 0.0, 0.0, 0.0, 0.0, 0.0, 0.0, 0.0, 0.0, 10, 11, 14, 19, 22, 22, 23, 27, 28, 33, 36, 38, 38;
1, 39, 4, 2, 96, 16, 24, 14, 68, 54, 13, 6, 3, 8, 3, 1, 2, 4, 1, 3, 1, 4, 3, 1, 2, 1, 4, 3, 0, 1, 4, 2, 4, 1, 2, 4, 3, 4, 1, 2, 3, 0, 0.0, 0.0, 0.0, 0.0, 0.0, 0.0, 0.0, 0.0, 0.0, 0.0, 0.0, 0.0, 0.0, 10, 10, 11, 11, 13, 18, 24, 33, 34, 37, 37, 37, 39;
1, 48, 4, 2, 72, 48, 88, 64, 18, 72, 12, 11, 7, 7, 2, 2, 2, 3, 3, 4, 4, 1, 4, 1, 1, 1, 1, 2, 0, 2, 2, 1, 1, 4, 1, 4, 4, 4, 4, 3, 1, 0, 0.0, 0.0, 0.0, 0.0, 0.0, 0.0, 0.0, 0.0, 0.0, 0.0, 0.0, 0.0, 0.0, 10, 10, 11, 11, 13, 18, 18, 19, 30, 32, 34, 41, 48;
