#======================================================================================
# Kingdomino AI Experiment
#--------------------------------------------------------------------------------------
# 
# Player strategy:   FULL_GREEDY
# Opponent strategy: TRUE_RANDOM
# 
# Runs: 40
# Output file: kdom_exp-20170322-190706-rev-e1c05da/kdom_exp_FULL_GREEDY_vs_TRUE_RANDOM.m
# 
# Executing: 'java -jar out/kdom-exp.jar FULL_GREEDY TRUE_RANDOM kdom_exp-20170322-190706-rev-e1c05da/kdom_exp_FULL_GREEDY_vs_TRUE_RANDOM.m'
# Git Revision: e1c05da
#--------------------------------------------------------------------------------------

# win, score, num_players, available_moves(13), available_draft(13), chosen_draft_position(13), playouts_per_second(13), scores(13)
kdom_exp_FULL_GREEDY_vs_TRUE_RANDOM = [
1, 70, 4, 3, 24, 18, 120, 16, 10, 20, 52, 9, 5, 6, 1, 2, 3, 1, 1, 4, 2, 1, 1, 4, 1, 1, 3, 1, 0, 4, 4, 1, 3, 4, 4, 1, 4, 4, 2, 4, 2, 0, 0.0, 0.0, 0.0, 0.0, 0.0, 0.0, 0.0, 0.0, 0.0, 0.0, 0.0, 0.0, 0.0, 10, 12, 14, 14, 16, 24, 30, 34, 46, 53, 53, 57, 70;
1, 48, 4, 1, 96, 27, 32, 7, 19, 80, 26, 12, 16, 4, 2, 1, 1, 4, 1, 4, 1, 1, 4, 2, 3, 2, 2, 1, 0, 1, 4, 1, 4, 4, 1, 3, 2, 3, 3, 4, 2, 0, 0.0, 0.0, 0.0, 0.0, 0.0, 0.0, 0.0, 0.0, 0.0, 0.0, 0.0, 0.0, 0.0, 10, 10, 12, 12, 16, 21, 25, 33, 33, 41, 46, 48, 48;
1, 57, 4, 1, 72, 32, 19, 36, 34, 30, 32, 7, 14, 5, 3, 1, 1, 3, 2, 1, 2, 2, 2, 4, 1, 2, 1, 1, 0, 2, 3, 4, 3, 3, 3, 1, 4, 3, 4, 4, 1, 0, 0.0, 0.0, 0.0, 0.0, 0.0, 0.0, 0.0, 0.0, 0.0, 0.0, 0.0, 0.0, 0.0, 10, 10, 11, 17, 19, 23, 29, 33, 36, 44, 54, 57, 57;
1, 55, 4, 3, 24, 104, 24, 32, 17, 28, 27, 4, 12, 3, 8, 1, 3, 1, 4, 1, 4, 1, 2, 3, 1, 3, 1, 4, 0, 4, 1, 4, 1, 4, 3, 2, 4, 2, 4, 1, 2, 0, 0.0, 0.0, 0.0, 0.0, 0.0, 0.0, 0.0, 0.0, 0.0, 0.0, 0.0, 0.0, 0.0, 10, 12, 16, 19, 19, 26, 29, 38, 40, 40, 43, 45, 55;
1, 58, 4, 3, 48, 66, 38, 30, 88, 20, 80, 18, 24, 22, 9, 1, 3, 2, 3, 2, 2, 4, 2, 4, 3, 3, 2, 3, 0, 3, 2, 3, 3, 1, 3, 1, 2, 2, 3, 2, 4, 0, 0.0, 0.0, 0.0, 0.0, 0.0, 0.0, 0.0, 0.0, 0.0, 0.0, 0.0, 0.0, 0.0, 10, 11, 14, 19, 20, 26, 32, 38, 42, 44, 48, 50, 58;
1, 51, 4, 1, 96, 62, 16, 28, 48, 34, 84, 12, 12, 18, 6, 2, 1, 4, 2, 1, 2, 4, 2, 4, 1, 2, 2, 3, 0, 1, 3, 4, 3, 1, 3, 1, 4, 3, 3, 2, 4, 0, 0.0, 0.0, 0.0, 0.0, 0.0, 0.0, 0.0, 0.0, 0.0, 0.0, 0.0, 0.0, 0.0, 10, 10, 13, 15, 17, 17, 18, 28, 34, 38, 40, 40, 51;
1, 64, 4, 4, 24, 44, 27, 44, 57, 54, 48, 28, 18, 21, 5, 2, 4, 1, 2, 1, 2, 3, 3, 4, 2, 3, 3, 1, 0, 4, 3, 4, 3, 2, 2, 1, 3, 2, 2, 4, 3, 0, 0.0, 0.0, 0.0, 0.0, 0.0, 0.0, 0.0, 0.0, 0.0, 0.0, 0.0, 0.0, 0.0, 10, 11, 14, 18, 19, 21, 26, 30, 36, 38, 49, 58, 64;
1, 68, 4, 4, 24, 64, 14, 38, 36, 22, 36, 18, 2, 8, 2, 1, 4, 1, 4, 1, 2, 2, 2, 4, 3, 1, 2, 1, 0, 4, 1, 4, 3, 3, 3, 1, 2, 4, 3, 4, 1, 0, 0.0, 0.0, 0.0, 0.0, 0.0, 0.0, 0.0, 0.0, 0.0, 0.0, 0.0, 0.0, 0.0, 10, 11, 11, 14, 17, 22, 30, 34, 42, 48, 52, 59, 68;
1, 41, 4, 3, 24, 42, 63, 87, 12, 72, 24, 10, 4, 18, 3, 4, 3, 1, 2, 3, 3, 1, 3, 4, 1, 4, 2, 3, 0, 4, 3, 2, 2, 4, 2, 1, 4, 1, 3, 2, 4, 0, 0.0, 0.0, 0.0, 0.0, 0.0, 0.0, 0.0, 0.0, 0.0, 0.0, 0.0, 0.0, 0.0, 10, 12, 12, 19, 20, 25, 25, 31, 33, 33, 38, 40, 41;
1, 46, 4, 4, 48, 78, 25, 63, 30, 39, 6, 27, 1, 4, 8, 3, 4, 2, 3, 1, 3, 2, 3, 1, 3, 1, 4, 2, 0, 3, 2, 4, 2, 3, 2, 4, 2, 4, 1, 3, 3, 0, 0.0, 0.0, 0.0, 0.0, 0.0, 0.0, 0.0, 0.0, 0.0, 0.0, 0.0, 0.0, 0.0, 10, 11, 14, 18, 19, 20, 23, 25, 30, 35, 35, 42, 46;
1, 66, 4, 3, 24, 32, 15, 16, 26, 36, 24, 30, 14, 12, 3, 2, 3, 1, 2, 1, 1, 2, 3, 2, 3, 2, 2, 1, 0, 4, 3, 4, 4, 3, 2, 3, 2, 3, 3, 4, 4, 0, 0.0, 0.0, 0.0, 0.0, 0.0, 0.0, 0.0, 0.0, 0.0, 0.0, 0.0, 0.0, 0.0, 10, 12, 13, 21, 24, 29, 34, 35, 37, 54, 55, 57, 66;
1, 45, 4, 2, 24, 48, 14, 15, 51, 15, 36, 8, 4, 12, 2, 1, 2, 1, 3, 1, 1, 3, 1, 3, 1, 2, 3, 1, 0, 4, 2, 4, 4, 2, 4, 2, 4, 3, 2, 4, 3, 0, 0.0, 0.0, 0.0, 0.0, 0.0, 0.0, 0.0, 0.0, 0.0, 0.0, 0.0, 0.0, 0.0, 10, 11, 11, 14, 21, 23, 25, 27, 30, 32, 36, 39, 45;
1, 73, 4, 4, 48, 66, 104, 48, 56, 13, 63, 21, 16, 24, 9, 2, 4, 2, 3, 4, 2, 2, 1, 3, 3, 2, 4, 3, 0, 3, 2, 1, 3, 3, 4, 2, 2, 3, 1, 2, 2, 0, 0.0, 0.0, 0.0, 0.0, 0.0, 0.0, 0.0, 0.0, 0.0, 0.0, 0.0, 0.0, 0.0, 10, 12, 15, 17, 20, 22, 28, 33, 40, 41, 53, 62, 73;
1, 68, 4, 4, 72, 104, 160, 34, 108, 28, 54, 17, 3, 12, 1, 1, 4, 3, 4, 4, 2, 3, 2, 3, 1, 1, 3, 1, 0, 2, 1, 1, 3, 2, 3, 2, 4, 4, 2, 4, 2, 0, 0.0, 0.0, 0.0, 0.0, 0.0, 0.0, 0.0, 0.0, 0.0, 0.0, 0.0, 0.0, 0.0, 10, 11, 12, 18, 18, 22, 24, 25, 44, 47, 55, 62, 68;
1, 70, 4, 4, 24, 64, 10, 48, 12, 11, 10, 28, 24, 18, 2, 1, 4, 1, 4, 1, 3, 1, 1, 1, 2, 2, 3, 2, 0, 4, 1, 4, 2, 4, 4, 4, 3, 3, 2, 3, 4, 0, 0.0, 0.0, 0.0, 0.0, 0.0, 0.0, 0.0, 0.0, 0.0, 0.0, 0.0, 0.0, 0.0, 10, 13, 13, 14, 17, 23, 25, 32, 36, 42, 46, 52, 70;
1, 60, 4, 1, 48, 42, 14, 42, 56, 16, 30, 10, 40, 8, 8, 1, 1, 2, 2, 1, 2, 4, 1, 3, 1, 4, 1, 4, 0, 3, 3, 4, 3, 1, 4, 2, 4, 1, 4, 1, 3, 0, 0.0, 0.0, 0.0, 0.0, 0.0, 0.0, 0.0, 0.0, 0.0, 0.0, 0.0, 0.0, 0.0, 10, 11, 12, 16, 18, 22, 26, 29, 32, 34, 41, 45, 60;
1, 101, 4, 3, 24, 104, 90, 75, 52, 52, 120, 30, 27, 15, 3, 2, 3, 1, 4, 3, 3, 2, 2, 4, 3, 3, 3, 1, 0, 4, 1, 2, 2, 3, 3, 1, 2, 2, 2, 4, 4, 0, 0.0, 0.0, 0.0, 0.0, 0.0, 0.0, 0.0, 0.0, 0.0, 0.0, 0.0, 0.0, 0.0, 10, 11, 13, 18, 22, 30, 34, 40, 44, 50, 67, 79, 101;
1, 50, 4, 3, 48, 16, 28, 80, 30, 30, 21, 24, 14, 12, 2, 1, 3, 2, 1, 2, 4, 2, 3, 3, 3, 2, 2, 1, 0, 3, 4, 3, 1, 3, 2, 2, 2, 3, 3, 4, 3, 0, 0.0, 0.0, 0.0, 0.0, 0.0, 0.0, 0.0, 0.0, 0.0, 0.0, 0.0, 0.0, 0.0, 10, 12, 12, 14, 16, 22, 28, 36, 39, 41, 43, 50, 50;
1, 55, 4, 4, 72, 54, 21, 16, 36, 12, 18, 15, 8, 28, 4, 1, 4, 3, 2, 1, 1, 3, 1, 2, 3, 4, 4, 2, 0, 2, 3, 4, 4, 2, 4, 3, 2, 1, 1, 3, 4, 0, 0.0, 0.0, 0.0, 0.0, 0.0, 0.0, 0.0, 0.0, 0.0, 0.0, 0.0, 0.0, 0.0, 10, 11, 14, 16, 22, 22, 26, 29, 35, 39, 44, 48, 55;
1, 57, 4, 1, 96, 16, 20, 9, 48, 12, 36, 8, 14, 12, 2, 1, 1, 4, 1, 2, 1, 4, 3, 4, 1, 2, 2, 1, 0, 1, 4, 3, 4, 1, 2, 1, 4, 3, 3, 4, 3, 0, 0.0, 0.0, 0.0, 0.0, 0.0, 0.0, 0.0, 0.0, 0.0, 0.0, 0.0, 0.0, 0.0, 10, 10, 13, 14, 21, 21, 23, 30, 43, 48, 55, 57, 57;
1, 53, 4, 1, 48, 63, 38, 20, 54, 42, 56, 24, 12, 24, 8, 1, 1, 2, 3, 2, 1, 3, 3, 4, 2, 2, 4, 4, 0, 3, 2, 3, 4, 2, 2, 1, 3, 3, 1, 1, 4, 0, 0.0, 0.0, 0.0, 0.0, 0.0, 0.0, 0.0, 0.0, 0.0, 0.0, 0.0, 0.0, 0.0, 10, 11, 13, 15, 17, 20, 26, 28, 37, 37, 40, 42, 53;
-1, 51, 4, 4, 24, 48, 14, 56, 10, 24, 8, 24, 16, 4, 9, 1, 4, 1, 3, 1, 4, 1, 4, 1, 2, 2, 1, 3, 0, 4, 2, 4, 1, 4, 1, 4, 3, 3, 4, 2, 3, 0, 0.0, 0.0, 0.0, 0.0, 0.0, 0.0, 0.0, 0.0, 0.0, 0.0, 0.0, 0.0, 0.0, 10, 12, 13, 15, 17, 25, 29, 40, 45, 45, 49, 51, 51;
1, 51, 4, 2, 72, 22, 18, 96, 52, 38, 39, 9, 16, 4, 2, 2, 2, 3, 1, 1, 4, 2, 2, 3, 1, 4, 1, 2, 0, 2, 4, 4, 1, 3, 3, 2, 4, 1, 4, 3, 2, 0, 0.0, 0.0, 0.0, 0.0, 0.0, 0.0, 0.0, 0.0, 0.0, 0.0, 0.0, 0.0, 0.0, 10, 11, 12, 17, 17, 23, 24, 32, 36, 36, 39, 42, 51;
1, 59, 4, 2, 24, 64, 22, 40, 54, 104, 21, 17, 24, 12, 4, 2, 2, 1, 4, 1, 2, 3, 4, 1, 1, 4, 3, 1, 0, 4, 1, 4, 3, 2, 1, 4, 4, 1, 2, 4, 4, 0, 0.0, 0.0, 0.0, 0.0, 0.0, 0.0, 0.0, 0.0, 0.0, 0.0, 0.0, 0.0, 0.0, 10, 11, 12, 17, 18, 20, 22, 28, 32, 32, 44, 48, 59;
1, 55, 4, 4, 24, 44, 60, 28, 51, 48, 15, 8, 4, 4, 2, 1, 4, 1, 2, 2, 1, 3, 3, 1, 2, 1, 2, 1, 0, 4, 3, 3, 4, 2, 2, 4, 3, 4, 3, 4, 4, 0, 0.0, 0.0, 0.0, 0.0, 0.0, 0.0, 0.0, 0.0, 0.0, 0.0, 0.0, 0.0, 0.0, 10, 11, 14, 16, 17, 20, 22, 30, 32, 37, 42, 46, 55;
1, 81, 4, 2, 72, 63, 84, 16, 80, 69, 20, 24, 32, 16, 9, 1, 2, 3, 3, 4, 1, 4, 3, 2, 3, 4, 4, 3, 0, 2, 2, 1, 4, 1, 2, 3, 2, 1, 1, 2, 2, 0, 0.0, 0.0, 0.0, 0.0, 0.0, 0.0, 0.0, 0.0, 0.0, 0.0, 0.0, 0.0, 0.0, 10, 10, 11, 16, 22, 28, 33, 35, 37, 45, 51, 60, 81;
1, 63, 4, 4, 24, 64, 13, 72, 26, 13, 33, 7, 6, 9, 3, 2, 4, 1, 4, 1, 4, 1, 1, 3, 1, 1, 3, 1, 0, 4, 1, 4, 1, 4, 4, 2, 4, 4, 2, 4, 4, 0, 0.0, 0.0, 0.0, 0.0, 0.0, 0.0, 0.0, 0.0, 0.0, 0.0, 0.0, 0.0, 0.0, 10, 12, 12, 20, 20, 28, 30, 33, 47, 51, 51, 57, 63;
1, 82, 4, 2, 24, 22, 16, 63, 40, 39, 22, 14, 12, 18, 15, 2, 2, 1, 1, 1, 3, 2, 3, 2, 2, 2, 3, 3, 0, 4, 4, 4, 2, 3, 2, 3, 3, 3, 2, 2, 3, 0, 0.0, 0.0, 0.0, 0.0, 0.0, 0.0, 0.0, 0.0, 0.0, 0.0, 0.0, 0.0, 0.0, 10, 12, 14, 16, 18, 22, 27, 34, 43, 53, 59, 61, 82;
