#======================================================================================
# Kingdomino AI Experiment
#--------------------------------------------------------------------------------------
# 
# Player strategy:   MCE_PG_R
# Opponent strategy: FULL_GREEDY
# 
# Max search time: 1 (s)
# Max playouts: 0
# Runs: 200
# 
# System: Linux 3.20GHz
# Output file: kdom_exp-20170408-124651-rev-9186c19-cpu-3.20GHz/kdom_exp_MCE_PG_R_vs_FULL_GREEDY_T1_P0.m
# 
# Executing: 'java -jar out/kdom-exp.jar MCE_PG_R FULL_GREEDY kdom_exp-20170408-124651-rev-9186c19-cpu-3.20GHz/kdom_exp_MCE_PG_R_vs_FULL_GREEDY_T1_P0.m 1 0'
# Git Revision: 9186c19
#--------------------------------------------------------------------------------------

# win, score, num_players, available_moves(13), available_draft(13), chosen_draft_position(13), playouts_per_second(13), scores(13), score_diff, opponent_scores(3)
kdom_exp_MCE_PG_R_vs_FULL_GREEDY_T1_P0 = [
1, 67, 4, 4, 24, 63, 54, 36, 20, 15, 18, 32, 5, 12, 8, 1, 4, 1, 3, 3, 3, 2, 3, 2, 4, 1, 3, 4, 0, 4, 2, 2, 2, 3, 2, 3, 1, 4, 2, 1, 2, 0, 11.5, 14.9, 21.1, 39.3, 76.5, 121.6, 179.6, 347.4, 432.9, 1169.4, 1654.9, 5539.6, 20854.3, 10, 11, 11, 12, 14, 17, 19, 26, 30, 39, 41, 49, 67, 7, 52, 60, 53;
1, 59, 4, 4, 72, 104, 28, 26, 88, 36, 54, 12, 9, 5, 16, 2, 4, 3, 4, 1, 2, 4, 2, 3, 3, 3, 1, 4, 0, 2, 1, 4, 3, 1, 3, 2, 2, 2, 4, 1, 3, 0, 10.4, 15.6, 15.5, 33.4, 43.8, 48.3, 172.2, 302.3, 466.5, 897.1, 3607.9, 5478.3, 21076.2, 10, 10, 10, 11, 12, 2, 6, 6, 15, 25, 39, 52, 59, 3, 56, 54, 50;
-1, 40, 4, 1, 96, 48, 10, 23, 6, 3, 36, 8, 2, 12, 4, 1, 1, 4, 3, 1, 1, 1, 1, 4, 4, 2, 3, 2, 0, 1, 2, 4, 4, 4, 4, 1, 1, 3, 2, 3, 4, 0, 12.0, 18.2, 22.7, 33.5, 48.1, 69.0, 120.4, 131.4, 322.0, 722.5, 1859.4, 9409.5, 39330.4, 10, 10, 10, 12, 15, 16, 21, 21, 21, 21, 26, 34, 40, -18, 58, 52, 43;
-1, 42, 4, 1, 96, 32, 84, 40, 38, 96, 15, 27, 32, 18, 12, 1, 1, 4, 2, 4, 2, 2, 4, 3, 3, 4, 3, 3, 0, 1, 3, 1, 3, 3, 1, 2, 2, 1, 2, 2, 1, 0, 12.1, 19.0, 23.6, 28.4, 61.0, 123.9, 158.6, 263.6, 445.0, 579.9, 2119.3, 8610.7, 16907.7, 10, 10, 11, 11, 13, 14, 16, 17, 20, 22, 33, 42, 42, -18, 41, 41, 60;
1, 83, 4, 3, 48, 81, 48, 36, 38, 45, 64, 42, 15, 12, 16, 2, 3, 2, 3, 4, 2, 2, 3, 4, 3, 3, 2, 4, 0, 3, 2, 1, 3, 3, 2, 1, 2, 2, 3, 1, 3, 0, 11.5, 15.3, 19.7, 24.1, 61.4, 88.5, 149.3, 215.8, 466.8, 1262.2, 2817.2, 3919.1, 26950.9, 10, 11, 12, 12, 13, 15, 16, 24, 26, 28, 33, 61, 83, 26, 57, 53, 50;
-1, 40, 4, 4, 48, 108, 32, 40, 12, 11, 32, 14, 8, 8, 6, 1, 4, 2, 3, 1, 4, 2, 1, 4, 2, 2, 4, 2, 0, 3, 2, 4, 1, 3, 4, 1, 3, 3, 1, 3, 1, 0, 10.5, 17.7, 19.0, 27.6, 39.4, 77.1, 119.7, 123.5, 418.2, 868.9, 1050.8, 10240.1, 13881.0, 10, 11, 11, 12, 12, 13, 14, 16, 25, 35, 35, 40, 40, -10, 44, 50, 45;
-1, 45, 4, 2, 72, 48, 42, 63, 112, 14, 14, 48, 18, 12, 6, 1, 2, 3, 3, 2, 3, 4, 2, 2, 3, 3, 3, 3, 0, 2, 2, 3, 2, 1, 3, 3, 2, 2, 2, 2, 3, 0, 11.5, 16.5, 28.0, 46.1, 55.5, 76.4, 121.5, 260.8, 329.5, 779.7, 2796.9, 6308.2, 24528.4, 10, 10, 10, 11, 11, 11, 12, 15, 15, 20, 27, 31, 45, -13, 58, 58, 48;
-1, 52, 4, 1, 96, 104, 24, 24, 33, 48, 30, 20, 12, 5, 1, 1, 1, 4, 4, 1, 4, 3, 4, 3, 4, 3, 1, 1, 0, 1, 1, 4, 1, 2, 1, 2, 1, 2, 4, 4, 1, 0, 12.4, 15.8, 22.4, 38.2, 42.4, 89.3, 104.0, 270.6, 416.4, 908.8, 3117.6, 13530.3, 16158.8, 10, 10, 10, 13, 13, 14, 16, 21, 28, 38, 51, 52, 52, -11, 63, 51, 38;
-1, 37, 4, 1, 96, 124, 70, 36, 56, 72, 8, 8, 8, 9, 4, 1, 1, 4, 4, 2, 3, 4, 4, 1, 4, 4, 3, 2, 0, 1, 1, 3, 2, 1, 1, 4, 1, 1, 2, 3, 4, 0, 10.9, 13.1, 14.9, 30.9, 38.1, 44.3, 86.7, 232.8, 242.5, 457.4, 2175.7, 10005.7, 34305.5, 10, 10, 10, 12, 12, 12, 14, 16, 16, 18, 24, 28, 37, -15, 52, 40, 52;
-1, 51, 4, 2, 48, 66, 76, 28, 96, 36, 27, 9, 32, 9, 12, 2, 2, 2, 3, 4, 2, 4, 2, 3, 1, 4, 3, 3, 0, 3, 2, 1, 3, 1, 3, 2, 4, 1, 2, 2, 3, 0, 12.8, 16.3, 18.3, 31.2, 70.4, 72.0, 147.2, 214.8, 529.7, 555.0, 1668.3, 7012.2, 27345.3, 10, 10, 11, 12, 12, 14, 18, 21, 26, 28, 37, 41, 51, -4, 53, 55, 45;
-1, 42, 4, 4, 96, 62, 48, 24, 64, 48, 32, 32, 4, 12, 8, 1, 4, 4, 2, 4, 4, 4, 4, 4, 4, 4, 4, 2, 0, 1, 3, 1, 1, 1, 1, 1, 1, 1, 1, 3, 2, 0, 11.1, 14.8, 26.8, 35.1, 49.1, 59.0, 82.0, 113.3, 257.8, 377.9, 952.8, 9072.1, 20387.2, 10, 10, 13, 13, 13, 13, 15, 15, 17, 17, 22, 31, 42, -22, 60, 64, 56;
-1, 44, 4, 3, 96, 81, 54, 16, 10, 24, 12, 32, 1, 8, 2, 1, 3, 4, 3, 3, 4, 1, 3, 2, 4, 1, 4, 2, 0, 1, 2, 2, 1, 4, 2, 3, 1, 4, 1, 3, 2, 0, 12.6, 16.3, 20.2, 40.0, 53.9, 103.3, 131.9, 338.9, 476.0, 1347.3, 1386.3, 11398.6, 21435.8, 10, 10, 11, 11, 11, 14, 15, 17, 25, 28, 28, 37, 44, -4, 47, 48, 44;
-1, 49, 4, 4, 48, 54, 24, 72, 48, 36, 26, 56, 4, 16, 12, 1, 4, 2, 2, 2, 4, 4, 2, 2, 4, 4, 2, 3, 0, 3, 3, 3, 1, 1, 3, 3, 1, 1, 3, 2, 4, 0, 12.6, 15.4, 24.2, 29.9, 33.1, 46.4, 135.0, 279.9, 304.8, 538.7, 2438.1, 5042.3, 39519.0, 10, 11, 12, 12, 14, 17, 19, 21, 21, 21, 22, 27, 49, -3, 45, 52, 49;
1, 72, 4, 3, 48, 84, 81, 92, 104, 34, 48, 39, 24, 6, 12, 2, 3, 2, 4, 3, 4, 4, 2, 3, 3, 4, 1, 3, 0, 3, 1, 2, 1, 1, 3, 2, 2, 1, 4, 2, 2, 0, 12.2, 14.7, 16.4, 30.6, 48.6, 99.8, 165.7, 219.6, 486.8, 1047.7, 2898.0, 3885.7, 11119.0, 10, 11, 11, 12, 13, 13, 15, 20, 27, 52, 60, 62, 72, 23, 46, 49, 40;
1, 78, 4, 2, 72, 54, 42, 23, 72, 20, 27, 16, 18, 18, 4, 1, 2, 3, 2, 2, 1, 4, 2, 3, 2, 3, 3, 4, 0, 2, 3, 3, 4, 1, 3, 2, 3, 2, 2, 1, 3, 0, 12.5, 16.3, 24.2, 38.3, 68.8, 72.7, 173.1, 354.4, 973.2, 1377.9, 2773.8, 4178.5, 21562.6, 10, 10, 11, 12, 16, 16, 27, 32, 43, 51, 53, 53, 78, 25, 53, 35, 39;
-1, 51, 4, 3, 48, 64, 27, 42, 32, 51, 30, 72, 12, 15, 3, 1, 3, 2, 4, 1, 2, 4, 3, 2, 4, 3, 3, 1, 0, 3, 1, 4, 3, 1, 2, 3, 1, 2, 2, 4, 4, 0, 11.9, 17.4, 20.2, 41.9, 63.1, 61.9, 161.2, 286.4, 501.6, 701.9, 2478.6, 14550.4, 41337.4, 10, 11, 11, 12, 4, 4, 8, 19, 19, 25, 32, 44, 51, -19, 52, 70, 39;
1, 61, 4, 4, 24, 54, 16, 56, 48, 11, 56, 18, 18, 8, 8, 1, 4, 1, 3, 1, 4, 4, 1, 4, 2, 3, 2, 4, 0, 4, 2, 4, 1, 1, 4, 1, 3, 2, 3, 1, 4, 0, 11.2, 15.7, 19.4, 35.3, 38.1, 58.6, 160.8, 185.7, 453.7, 1038.9, 2455.1, 3604.9, 39632.5, 10, 12, 13, 16, 16, 20, 23, 23, 26, 28, 35, 48, 61, 7, 38, 54, 39;
1, 82, 4, 4, 96, 42, 120, 75, 63, 39, 64, 36, 14, 16, 2, 1, 4, 4, 2, 4, 3, 3, 3, 4, 4, 2, 4, 1, 0, 1, 3, 1, 2, 2, 2, 1, 1, 3, 1, 4, 1, 0, 11.8, 18.1, 25.7, 31.0, 50.9, 65.9, 139.7, 209.5, 342.6, 996.1, 1289.9, 12453.3, 15467.9, 10, 11, 12, 14, 19, 34, 35, 43, 56, 57, 57, 67, 82, 29, 53, 50, 49;
1, 56, 4, 3, 96, 32, 28, 80, 24, 60, 8, 44, 48, 14, 8, 2, 3, 4, 2, 2, 4, 3, 3, 1, 4, 4, 2, 4, 0, 1, 3, 3, 1, 2, 2, 4, 1, 1, 3, 1, 3, 0, 11.4, 15.4, 20.7, 30.9, 33.9, 58.3, 99.3, 186.7, 214.2, 470.5, 2739.1, 4084.8, 24304.5, 10, 10, 11, 12, 12, 15, 18, 23, 23, 28, 31, 40, 56, 4, 40, 50, 52;
1, 68, 4, 3, 72, 116, 34, 51, 40, 8, 36, 42, 5, 16, 6, 2, 3, 3, 4, 1, 3, 4, 1, 3, 3, 1, 4, 3, 0, 2, 1, 4, 2, 1, 4, 2, 2, 4, 1, 2, 1, 0, 12.2, 15.4, 16.6, 28.4, 49.7, 69.5, 109.5, 225.4, 450.7, 1071.4, 1263.9, 4985.2, 16170.5, 10, 11, 13, 14, 15, 15, 16, 27, 33, 44, 44, 55, 68, 9, 59, 51, 53;
-1, 43, 4, 2, 72, 72, 80, 72, 27, 18, 13, 4, 6, 12, 2, 1, 2, 3, 4, 4, 4, 3, 3, 1, 2, 1, 3, 1, 0, 2, 1, 1, 1, 2, 2, 4, 3, 4, 2, 4, 1, 0, 10.6, 14.9, 19.2, 31.4, 45.2, 105.8, 189.7, 352.5, 534.1, 1325.6, 2178.9, 11358.4, 12963.6, 10, 10, 11, 13, 13, 15, 21, 27, 30, 34, 36, 43, 43, -28, 71, 51, 43;
1, 62, 4, 3, 48, 72, 92, 66, 56, 80, 13, 32, 44, 9, 24, 2, 3, 2, 4, 4, 3, 2, 4, 1, 4, 4, 3, 4, 0, 3, 1, 1, 2, 3, 1, 4, 1, 1, 2, 1, 4, 0, 12.8, 16.6, 19.4, 30.5, 66.7, 118.3, 157.7, 366.0, 395.8, 728.7, 1635.8, 4359.1, 40044.5, 10, 10, 10, 13, 16, 21, 21, 26, 30, 41, 49, 53, 62, 15, 44, 47, 47;
1, 58, 4, 4, 24, 72, 36, 80, 57, 39, 13, 40, 16, 24, 9, 1, 4, 1, 4, 2, 4, 3, 3, 1, 4, 2, 4, 3, 0, 4, 1, 3, 1, 2, 2, 4, 1, 3, 1, 2, 2, 0, 12.0, 17.0, 22.4, 40.9, 47.4, 62.1, 124.8, 175.9, 230.7, 860.2, 1167.9, 3413.1, 18821.4, 10, 11, 11, 3, 3, 8, 11, 18, 19, 25, 39, 45, 58, 2, 49, 32, 56;
