#======================================================================================
# Kingdomino AI Experiment
#--------------------------------------------------------------------------------------
# 
# Player strategy:   MCE_PG_R
# Opponent strategy: FULL_GREEDY
# 
# Max search time: 0.1 (s)
# Max playouts: 0
# Runs: 200
# 
# System: Linux 3.20GHz
# Output file: kdom_exp-20170408-124651-rev-9186c19-cpu-3.20GHz/kdom_exp_MCE_PG_R_vs_FULL_GREEDY_T0.1_P0.m
# 
# Executing: 'java -jar out/kdom-exp.jar MCE_PG_R FULL_GREEDY kdom_exp-20170408-124651-rev-9186c19-cpu-3.20GHz/kdom_exp_MCE_PG_R_vs_FULL_GREEDY_T0.1_P0.m 0.1 0'
# Git Revision: 9186c19
#--------------------------------------------------------------------------------------

# win, score, num_players, available_moves(13), available_draft(13), chosen_draft_position(13), playouts_per_second(13), scores(13), score_diff, opponent_scores(3)
kdom_exp_MCE_PG_R_vs_FULL_GREEDY_T0_1_P0 = [
-1, 32, 4, 1, 72, 72, 45, 12, 76, 54, 24, 6, 12, 6, 4, 2, 1, 3, 4, 3, 3, 4, 3, 4, 2, 3, 1, 4, 0, 2, 1, 2, 2, 1, 2, 1, 3, 2, 4, 1, 1, 0, 5.7, 11.9, 10.4, 27.0, 55.3, 89.2, 89.8, 146.3, 436.8, 734.1, 2954.6, 3964.9, 11773.9, 10, 10, 10, 11, 11, 12, 12, 12, 13, 18, 22, 22, 32, -24, 41, 56, 34;
-1, 44, 4, 2, 72, 116, 28, 30, 72, 17, 40, 7, 24, 16, 8, 1, 2, 3, 4, 1, 2, 4, 1, 4, 1, 4, 4, 4, 0, 2, 1, 4, 3, 1, 4, 1, 4, 1, 1, 1, 2, 0, 5.8, 9.4, 12.3, 29.4, 42.9, 67.7, 147.9, 189.5, 569.7, 610.6, 1547.2, 2964.3, 14383.4, 10, 10, 12, 13, 14, 16, 18, 18, 26, 28, 30, 32, 44, -18, 50, 56, 62;
-1, 26, 4, 4, 96, 21, 88, 51, 56, 36, 22, 14, 1, 4, 18, 4, 4, 4, 1, 4, 3, 4, 3, 2, 2, 1, 4, 3, 0, 1, 4, 1, 2, 1, 2, 3, 3, 4, 1, 2, 1, 0, 5.9, 15.6, 16.6, 20.5, 55.7, 76.7, 98.4, 288.3, 614.3, 957.9, 1155.5, 4082.4, 11899.6, 10, 11, 14, 16, 17, 9, 9, 16, 17, 17, 17, 22, 26, -26, 52, 52, 41;
1, 58, 4, 4, 48, 44, 66, 136, 46, 26, 64, 36, 10, 6, 6, 2, 4, 2, 2, 3, 4, 2, 2, 4, 4, 2, 2, 3, 0, 3, 3, 2, 1, 3, 3, 1, 1, 3, 3, 2, 1, 0, 4.2, 11.4, 17.7, 22.4, 35.3, 52.3, 105.1, 173.0, 454.3, 1135.4, 2253.8, 3520.8, 12423.8, 10, 11, 12, 12, 14, 15, 17, 19, 28, 39, 47, 51, 58, 8, 32, 48, 50;
-1, 31, 4, 1, 96, 48, 81, 51, 72, 30, 24, 14, 24, 4, 5, 2, 1, 4, 3, 3, 3, 4, 3, 3, 2, 3, 4, 1, 0, 1, 2, 2, 2, 1, 2, 2, 3, 2, 1, 4, 2, 0, 4.7, 11.9, 17.1, 18.5, 46.8, 65.9, 67.0, 191.8, 564.1, 750.9, 1206.1, 9983.1, 13503.4, 10, 10, 10, 1, 2, 2, 2, 4, 7, 12, 12, 19, 31, -23, 54, 37, 47;
-1, 44, 4, 1, 96, 48, 40, 54, 54, 16, 8, 26, 24, 16, 9, 1, 1, 4, 3, 2, 3, 3, 4, 1, 2, 4, 4, 3, 0, 1, 2, 3, 2, 2, 1, 4, 3, 1, 1, 2, 1, 0, 4.7, 12.8, 13.1, 23.1, 39.5, 77.8, 69.3, 197.8, 336.0, 423.0, 721.1, 3896.6, 12156.3, 10, 10, 10, 13, 18, 19, 19, 22, 22, 24, 26, 30, 44, -20, 54, 64, 61;
-1, 56, 4, 4, 72, 44, 69, 60, 10, 66, 26, 64, 32, 24, 4, 1, 4, 3, 2, 3, 3, 1, 3, 2, 4, 4, 3, 2, 0, 2, 3, 2, 2, 4, 2, 3, 1, 1, 2, 3, 3, 0, 3.7, 14.7, 18.8, 24.9, 41.9, 97.8, 128.3, 274.1, 304.7, 679.5, 1877.6, 7973.1, 20876.3, 10, 11, 11, 13, 15, 17, 19, 26, 30, 32, 35, 40, 56, -30, 49, 86, 52;
-1, 48, 4, 3, 48, 108, 16, 136, 6, 10, 24, 32, 4, 2, 18, 1, 3, 2, 3, 1, 4, 1, 2, 4, 4, 2, 2, 3, 0, 3, 2, 4, 1, 4, 3, 1, 1, 3, 3, 2, 2, 0, 5.4, 11.8, 18.6, 18.6, 33.9, 66.0, 71.1, 154.8, 249.7, 551.3, 1599.3, 6459.7, 18047.7, 10, 11, 11, 13, 13, 16, 20, 20, 20, 28, 29, 32, 48, -11, 54, 59, 57;
-1, 40, 4, 1, 96, 72, 57, 24, 10, 32, 36, 4, 18, 12, 6, 2, 1, 4, 4, 3, 4, 1, 4, 4, 4, 2, 3, 2, 0, 1, 1, 2, 1, 4, 1, 1, 1, 3, 2, 3, 1, 0, 5.9, 12.7, 13.3, 19.0, 40.7, 71.3, 45.3, 98.2, 192.0, 906.5, 1763.5, 7002.4, 12317.1, 10, 10, 10, 13, 13, 15, 15, 20, 20, 25, 27, 30, 40, -7, 34, 47, 47;
-1, 24, 4, 2, 72, 32, 66, 46, 58, 24, 8, 8, 16, 3, 8, 1, 2, 3, 2, 3, 2, 2, 4, 4, 2, 4, 1, 4, 0, 2, 3, 2, 3, 3, 1, 1, 3, 1, 4, 1, 4, 0, 5.0, 9.9, 15.4, 18.1, 39.2, 61.5, 48.9, 138.1, 443.1, 518.5, 3675.4, 4669.5, 32282.9, 10, 11, 13, 13, 15, 15, 19, 19, 22, 22, 24, 24, 24, -35, 48, 36, 59;
-1, 42, 4, 3, 72, 36, 44, 46, 54, 4, 32, 36, 4, 3, 8, 2, 3, 3, 2, 2, 2, 3, 1, 4, 3, 2, 3, 2, 0, 2, 3, 3, 3, 2, 4, 1, 2, 3, 2, 3, 3, 0, 4.8, 14.4, 17.6, 17.6, 36.8, 51.3, 127.8, 125.4, 165.4, 753.6, 1817.2, 7813.6, 19621.8, 10, 10, 11, 14, 15, 15, 18, 20, 24, 25, 27, 34, 42, -14, 54, 50, 56;
-1, 49, 4, 4, 96, 16, 57, 54, 54, 52, 10, 16, 24, 24, 6, 1, 4, 4, 1, 3, 3, 2, 2, 1, 4, 3, 4, 3, 0, 1, 4, 2, 2, 3, 3, 4, 1, 2, 1, 2, 1, 0, 6.2, 9.8, 14.3, 23.4, 26.8, 59.3, 104.5, 242.8, 292.6, 555.1, 1035.6, 5123.4, 12508.6, 10, 10, 12, 15, 15, 17, 26, 27, 27, 30, 32, 36, 49, -18, 64, 67, 36;
-1, 33, 4, 3, 72, 64, 34, 42, 36, 33, 8, 36, 32, 12, 8, 1, 3, 3, 4, 2, 3, 3, 3, 1, 3, 4, 3, 4, 0, 2, 1, 3, 2, 2, 2, 4, 2, 1, 2, 1, 2, 0, 4.9, 11.2, 19.7, 18.8, 42.6, 83.8, 87.6, 338.9, 535.1, 719.2, 2097.6, 4416.8, 20013.8, 10, 11, 11, 3, 3, 7, 13, 16, 16, 18, 22, 33, 33, -28, 56, 61, 28;
-1, 47, 4, 4, 48, 64, 38, 120, 46, 48, 54, 30, 8, 6, 4, 4, 4, 2, 4, 2, 4, 2, 2, 3, 3, 4, 3, 4, 0, 3, 1, 3, 1, 3, 3, 2, 2, 1, 2, 1, 3, 0, 5.7, 9.7, 11.9, 22.6, 27.3, 64.9, 87.9, 184.3, 612.8, 802.3, 1327.7, 1770.9, 16823.5, 10, 11, 11, 14, 16, 19, 23, 31, 38, 38, 44, 44, 47, -11, 54, 58, 42;
-1, 24, 4, 1, 96, 48, 52, 21, 26, 18, 40, 33, 4, 8, 3, 1, 1, 4, 3, 4, 1, 2, 3, 4, 3, 2, 4, 3, 0, 1, 2, 1, 4, 3, 2, 1, 2, 3, 1, 2, 4, 0, 5.5, 13.3, 16.7, 21.0, 58.8, 101.8, 65.6, 122.5, 359.8, 986.5, 1524.4, 3198.4, 31274.9, 10, 10, 10, 10, 12, 12, 2, 2, 5, 14, 18, 18, 24, -30, 54, 45, 46;
-1, 30, 4, 1, 96, 27, 64, 54, 16, 16, 18, 40, 2, 24, 3, 1, 1, 4, 1, 4, 3, 1, 4, 3, 4, 1, 4, 3, 0, 1, 4, 1, 2, 4, 1, 2, 1, 4, 1, 2, 1, 0, 6.3, 11.7, 15.0, 18.2, 39.8, 79.5, 109.5, 166.2, 253.3, 809.7, 880.9, 4666.1, 13184.0, 10, 11, 15, 15, 19, 21, 21, 21, 17, 20, 26, 30, 30, -51, 81, 49, 58;
-1, 31, 4, 4, 48, 104, 57, 17, 33, 27, 32, 14, 24, 3, 8, 3, 4, 2, 4, 3, 1, 3, 3, 4, 2, 4, 3, 4, 0, 3, 1, 2, 4, 2, 2, 1, 3, 1, 2, 1, 3, 0, 6.2, 13.6, 9.8, 24.4, 51.6, 71.8, 111.6, 213.2, 738.6, 954.8, 1892.6, 5283.6, 21877.8, 10, 10, 10, 10, 11, 11, 12, 12, 18, 20, 20, 28, 31, -36, 61, 67, 53;
-1, 33, 4, 2, 96, 27, 72, 24, 64, 40, 4, 48, 12, 6, 9, 1, 2, 4, 1, 4, 3, 4, 4, 2, 4, 3, 2, 3, 0, 1, 4, 1, 2, 1, 1, 3, 1, 2, 3, 2, 2, 0, 5.1, 11.5, 18.2, 16.9, 30.0, 37.3, 81.2, 134.4, 200.4, 581.7, 2140.4, 3986.4, 15342.8, 10, 10, 11, 1, 2, 6, 13, 16, 16, 25, 30, 33, 33, -32, 38, 65, 52;
-1, 54, 4, 3, 24, 64, 52, 44, 30, 42, 48, 30, 20, 16, 9, 1, 3, 1, 4, 4, 4, 2, 3, 3, 2, 2, 2, 3, 0, 4, 1, 1, 1, 3, 2, 2, 3, 3, 3, 2, 3, 0, 5.4, 11.2, 11.6, 15.0, 28.8, 61.1, 64.1, 116.3, 399.1, 983.8, 1483.0, 2638.3, 21381.9, 10, 12, 12, 14, 18, 22, 22, 25, 30, 32, 36, 40, 54, -19, 28, 48, 73;
-1, 24, 4, 3, 96, 72, 21, 112, 60, 26, 14, 12, 4, 28, 4, 5, 3, 4, 4, 1, 4, 3, 1, 1, 3, 4, 4, 4, 0, 1, 1, 4, 1, 2, 4, 4, 2, 1, 1, 1, 4, 0, 5.0, 10.3, 16.9, 31.6, 36.5, 46.0, 97.5, 249.3, 332.3, 385.4, 1215.6, 4080.0, 32207.5, 10, 10, 10, 11, 11, 13, 6, 13, 13, 13, 13, 13, 24, -36, 52, 60, 58;
1, 64, 4, 3, 48, 78, 28, 48, 44, 57, 20, 48, 8, 2, 3, 1, 3, 2, 3, 2, 2, 2, 3, 2, 4, 4, 1, 3, 0, 3, 2, 3, 3, 3, 2, 3, 1, 1, 4, 2, 3, 0, 5.0, 11.9, 20.5, 29.9, 41.2, 64.6, 103.5, 311.2, 419.1, 687.7, 2947.7, 5489.0, 23694.4, 10, 11, 11, 13, 20, 27, 30, 40, 42, 50, 64, 64, 64, 5, 59, 39, 59;
-1, 57, 4, 2, 48, 22, 54, 28, 10, 39, 30, 24, 18, 6, 6, 1, 2, 2, 1, 3, 2, 1, 3, 3, 2, 3, 3, 2, 0, 3, 4, 2, 3, 4, 2, 2, 3, 2, 2, 3, 4, 0, 4.1, 9.1, 18.8, 19.4, 37.4, 59.6, 74.0, 164.0, 386.8, 552.9, 1211.3, 8674.1, 31914.8, 10, 11, 12, 12, 4, 6, 10, 10, 14, 28, 29, 40, 57, -11, 68, 62, 55;
1, 66, 4, 4, 96, 64, 32, 144, 54, 104, 57, 3, 16, 24, 8, 2, 4, 4, 4, 1, 4, 2, 4, 3, 3, 2, 4, 2, 0, 1, 1, 4, 1, 3, 1, 2, 2, 3, 1, 3, 3, 0, 4.2, 9.0, 15.9, 28.6, 28.0, 74.1, 122.4, 225.8, 388.9, 928.0, 1479.4, 8674.3, 21277.9, 10, 10, 10, 11, 11, 18, 18, 24, 24, 32, 34, 51, 66, 14, 52, 45, 35;
-1, 42, 4, 3, 96, 48, 100, 112, 16, 96, 4, 20, 20, 18, 3, 3, 3, 4, 3, 4, 4, 4, 4, 4, 2, 2, 3, 3, 0, 1, 2, 1, 1, 1, 1, 1, 3, 3, 2, 2, 4, 0, 6.5, 9.0, 11.7, 21.9, 35.4, 48.5, 79.8, 95.5, 481.3, 825.6, 1700.7, 4699.7, 31094.0, 10, 10, 11, 12, 14, 14, 6, 6, 9, 12, 28, 29, 42, -22, 36, 64, 40;
