#======================================================================================
# Kingdomino AI Experiment
#--------------------------------------------------------------------------------------
# 
# Player strategy:   MCE_EG_R
# Opponent strategy: FULL_GREEDY
# 
# Max search time: 8 (s)
# Max playouts: 0
# Runs: 200
# 
# System: Linux 3.20GHz
# Output file: kdom_exp-20170404-215341-rev-66b041f-cpu-3.20GHz/kdom_exp_MCE_EG_R_vs_FULL_GREEDY_T8_P0.m
# 
# Executing: 'java -jar out/kdom-exp.jar MCE_EG_R FULL_GREEDY kdom_exp-20170404-215341-rev-66b041f-cpu-3.20GHz/kdom_exp_MCE_EG_R_vs_FULL_GREEDY_T8_P0.m 8 0'
# Git Revision: 66b041f
#--------------------------------------------------------------------------------------

# win, score, num_players, available_moves(13), available_draft(13), chosen_draft_position(13), playouts_per_second(13), scores(13), score_diff, opponent_scores(3)
kdom_exp_MCE_EG_R_vs_FULL_GREEDY_T8_P0 = [
-1, 45, 4, 2, 96, 16, 40, 14, 16, 13, 28, 10, 24, 16, 4, 2, 2, 4, 1, 4, 1, 4, 1, 4, 1, 4, 4, 2, 0, 1, 4, 1, 4, 1, 4, 1, 4, 1, 1, 3, 1, 0, 73.3, 82.9, 118.0, 121.6, 247.9, 293.6, 574.2, 695.3, 1928.9, 2394.0, 3585.2, 14723.5, 22485.8, 10, 10, 12, 12, 16, 16, 19, 20, 29, 29, 39, 40, 45, -7, 52, 45, 39;
1, 61, 4, 1, 72, 108, 48, 69, 38, 56, 2, 21, 4, 2, 16, 1, 1, 3, 3, 3, 3, 2, 4, 1, 3, 1, 2, 4, 0, 2, 2, 2, 2, 3, 1, 4, 2, 4, 3, 1, 3, 0, 68.7, 74.5, 92.9, 130.1, 217.8, 427.4, 549.9, 1257.4, 1852.2, 3871.4, 6376.7, 8169.7, 31229.8, 10, 11, 13, 13, 18, 19, 21, 24, 31, 34, 41, 45, 61, 8, 36, 49, 53;
1, 76, 4, 3, 48, 72, 38, 30, 64, 14, 16, 6, 8, 4, 6, 1, 3, 2, 4, 2, 3, 4, 1, 2, 1, 4, 1, 3, 0, 3, 1, 3, 2, 1, 4, 3, 4, 1, 4, 2, 3, 0, 71.0, 72.9, 77.6, 160.1, 203.3, 287.6, 602.8, 989.2, 2551.3, 2559.3, 9222.7, 12658.7, 30036.4, 10, 11, 12, 13, 20, 26, 29, 33, 40, 40, 57, 57, 76, 5, 56, 50, 71;
1, 58, 4, 1, 96, 58, 36, 69, 20, 36, 18, 24, 32, 2, 2, 2, 1, 4, 2, 3, 3, 2, 3, 2, 3, 4, 1, 2, 0, 1, 3, 2, 2, 3, 2, 3, 2, 1, 4, 3, 2, 0, 69.2, 76.7, 102.2, 147.7, 232.4, 372.8, 533.4, 984.7, 1765.1, 2469.2, 9863.8, 16142.7, 25516.1, 10, 10, 11, 12, 13, 17, 22, 28, 35, 39, 48, 48, 58, 8, 50, 40, 44;
1, 77, 4, 2, 96, 31, 72, 40, 38, 36, 30, 40, 4, 16, 4, 2, 2, 4, 1, 3, 2, 2, 3, 3, 4, 1, 4, 2, 0, 1, 4, 2, 3, 3, 2, 2, 1, 4, 1, 3, 1, 0, 73.0, 75.7, 95.8, 132.3, 182.4, 331.6, 521.8, 810.5, 1144.9, 3881.8, 4821.0, 16975.5, 22634.1, 10, 10, 13, 14, 19, 20, 24, 33, 39, 45, 51, 66, 77, 20, 45, 36, 57;
-1, 48, 4, 2, 48, 66, 104, 10, 96, 8, 10, 4, 8, 4, 1, 1, 2, 2, 3, 4, 1, 4, 4, 1, 1, 4, 1, 1, 0, 3, 2, 1, 4, 1, 1, 4, 4, 1, 4, 4, 4, 0, 63.6, 67.2, 101.1, 116.3, 198.2, 235.0, 305.3, 686.6, 2123.4, 2357.2, 6909.6, 18953.2, 35282.2, 10, 11, 14, 14, 16, 16, 16, 27, 33, 33, 38, 39, 48, -6, 54, 52, 49;
-1, 40, 4, 3, 48, 48, 19, 78, 12, 26, 2, 3, 8, 6, 3, 2, 3, 2, 3, 1, 3, 1, 2, 1, 1, 4, 2, 3, 0, 3, 2, 4, 2, 4, 3, 4, 4, 1, 3, 2, 4, 0, 74.6, 69.2, 75.0, 127.6, 159.3, 266.6, 638.2, 1196.0, 2403.6, 2574.9, 7104.7, 15445.6, 40636.4, 10, 11, 11, 14, 16, 18, 20, 21, 27, 27, 36, 36, 40, -11, 38, 51, 48;
-1, 37, 4, 1, 96, 84, 64, 40, 16, 48, 9, 18, 3, 4, 3, 3, 1, 4, 4, 4, 2, 2, 4, 1, 3, 1, 2, 3, 0, 1, 1, 1, 3, 3, 1, 4, 2, 4, 3, 2, 4, 0, 71.1, 69.2, 94.0, 109.4, 189.3, 329.2, 394.2, 1220.5, 1735.2, 5380.8, 9013.5, 13695.7, 40367.2, 10, 10, 11, 11, 12, 13, 17, 22, 24, 32, 34, 34, 37, -24, 61, 28, 60;
-1, 48, 4, 1, 96, 64, 22, 16, 18, 40, 10, 36, 5, 8, 4, 1, 1, 4, 4, 1, 4, 2, 4, 1, 4, 1, 4, 2, 0, 1, 1, 4, 1, 3, 1, 4, 1, 4, 1, 3, 1, 0, 68.8, 79.8, 82.2, 176.0, 177.4, 349.1, 435.7, 1015.0, 1302.5, 3894.3, 4459.1, 10775.8, 18769.4, 10, 10, 10, 13, 13, 15, 16, 21, 23, 31, 37, 41, 48, -10, 35, 41, 58;
-1, 55, 4, 3, 48, 72, 56, 32, 28, 6, 18, 7, 18, 16, 8, 1, 3, 2, 4, 2, 2, 2, 1, 3, 1, 3, 4, 2, 0, 3, 1, 3, 3, 3, 4, 2, 4, 2, 1, 3, 1, 0, 78.2, 85.5, 80.0, 140.9, 198.7, 260.1, 454.7, 757.5, 2388.9, 3254.8, 5025.2, 16543.4, 23137.6, 10, 12, 12, 15, 16, 17, 23, 27, 38, 40, 42, 48, 55, -7, 62, 61, 47;
0, 63, 4, 2, 96, 120, 10, 32, 80, 16, 24, 10, 18, 4, 1, 2, 2, 4, 3, 1, 4, 4, 2, 2, 2, 2, 2, 1, 0, 1, 2, 4, 1, 1, 3, 3, 3, 3, 3, 4, 1, 0, 66.9, 73.3, 80.3, 157.8, 182.7, 286.8, 496.8, 634.1, 1452.5, 3457.1, 7026.3, 19768.2, 21690.4, 10, 10, 10, 12, 12, 12, 16, 23, 29, 38, 51, 58, 63, 0, 47, 40, 63;
-1, 48, 4, 2, 72, 32, 28, 56, 6, 9, 20, 16, 6, 6, 2, 1, 2, 3, 2, 2, 4, 1, 1, 4, 2, 3, 3, 1, 0, 2, 3, 3, 1, 4, 4, 1, 3, 2, 2, 4, 4, 0, 65.1, 66.1, 92.4, 149.1, 143.0, 351.0, 623.3, 575.7, 983.2, 2349.0, 4143.7, 20489.8, 39971.1, 10, 10, 11, 12, 14, 16, 19, 20, 33, 38, 42, 48, 48, -9, 52, 57, 42;
-1, 52, 4, 3, 96, 42, 40, 45, 24, 24, 33, 6, 5, 3, 6, 1, 3, 4, 2, 4, 3, 2, 3, 3, 2, 1, 1, 3, 0, 1, 3, 1, 2, 3, 2, 2, 3, 4, 4, 2, 2, 0, 71.4, 75.3, 112.7, 112.1, 279.7, 480.4, 633.1, 958.9, 2217.7, 3599.1, 8348.6, 13007.2, 26530.9, 10, 11, 11, 11, 13, 13, 15, 21, 25, 27, 31, 37, 52, -2, 52, 54, 39;
-1, 49, 4, 1, 96, 72, 36, 36, 30, 40, 16, 8, 8, 1, 4, 1, 1, 4, 4, 3, 2, 3, 4, 2, 2, 4, 1, 4, 0, 1, 1, 2, 3, 2, 1, 3, 3, 1, 4, 1, 3, 0, 68.2, 76.8, 79.7, 135.6, 247.2, 400.7, 630.5, 1169.2, 2101.7, 2544.7, 7273.7, 8448.0, 27799.8, 10, 11, 11, 12, 16, 19, 23, 24, 33, 40, 45, 45, 49, -8, 57, 49, 55;
-1, 49, 4, 2, 96, 16, 30, 16, 11, 28, 4, 16, 6, 8, 8, 1, 2, 4, 1, 3, 4, 1, 4, 1, 4, 2, 2, 4, 0, 1, 4, 2, 1, 4, 1, 4, 1, 3, 3, 1, 4, 0, 70.7, 81.8, 105.1, 150.2, 174.0, 395.5, 475.0, 1191.1, 1318.1, 3215.6, 7245.5, 9025.8, 40327.3, 10, 10, 12, 12, 12, 16, 16, 22, 22, 25, 29, 33, 49, -3, 28, 48, 52;
-1, 44, 4, 3, 96, 72, 60, 56, 9, 28, 3, 30, 18, 5, 16, 2, 3, 4, 4, 3, 4, 1, 2, 3, 3, 3, 1, 4, 0, 1, 1, 2, 1, 4, 3, 2, 2, 2, 4, 1, 3, 0, 70.6, 77.3, 98.7, 145.5, 168.0, 311.7, 553.0, 754.4, 1469.2, 2143.5, 6147.1, 11922.6, 33970.5, 10, 11, 11, 11, 13, 18, 23, 23, 30, 34, 36, 38, 44, -17, 61, 50, 46;
1, 68, 4, 1, 72, 36, 18, 24, 24, 48, 21, 18, 6, 4, 8, 5, 1, 3, 2, 1, 4, 2, 4, 3, 3, 1, 4, 4, 0, 2, 3, 4, 1, 3, 1, 2, 2, 4, 1, 1, 3, 0, 71.2, 73.0, 109.6, 160.2, 173.6, 358.0, 382.7, 1013.6, 1009.3, 4719.6, 5116.1, 11412.3, 34415.0, 10, 10, 11, 12, 13, 15, 22, 34, 40, 52, 52, 60, 68, 11, 35, 48, 57;
1, 53, 4, 2, 72, 87, 12, 72, 38, 10, 56, 24, 12, 24, 12, 1, 2, 3, 3, 1, 4, 2, 1, 4, 3, 2, 4, 3, 0, 2, 2, 4, 1, 3, 4, 1, 2, 3, 1, 2, 2, 0, 68.0, 66.5, 82.2, 123.3, 152.4, 290.1, 426.7, 445.0, 1427.1, 3167.5, 5263.2, 11746.3, 30480.2, 10, 11, 12, 13, 14, 16, 20, 22, 30, 40, 42, 44, 53, 1, 44, 46, 52;
-1, 43, 4, 4, 24, 104, 48, 72, 8, 4, 3, 8, 4, 32, 2, 4, 4, 1, 4, 4, 4, 2, 4, 1, 4, 2, 4, 2, 0, 4, 1, 1, 1, 3, 1, 4, 1, 3, 1, 3, 3, 0, 68.2, 71.8, 81.3, 129.2, 164.6, 410.3, 431.9, 1242.4, 1385.8, 2994.0, 4686.4, 16060.9, 29800.8, 10, 12, 12, 12, 12, 13, 13, 17, 19, 28, 28, 36, 43, -15, 58, 47, 47;
-1, 46, 4, 1, 96, 32, 32, 24, 36, 14, 20, 24, 10, 8, 6, 1, 1, 4, 2, 2, 3, 3, 2, 2, 3, 2, 4, 2, 0, 1, 3, 3, 2, 2, 3, 3, 2, 3, 1, 3, 4, 0, 72.7, 79.1, 84.1, 130.0, 179.0, 230.4, 416.1, 932.2, 999.5, 3570.4, 3936.2, 15179.7, 41282.7, 10, 10, 11, 13, 15, 19, 24, 30, 33, 40, 40, 46, 46, -17, 34, 46, 63;
1, 74, 4, 2, 24, 72, 40, 12, 30, 36, 20, 32, 12, 9, 3, 2, 2, 1, 4, 2, 2, 3, 4, 2, 4, 2, 3, 3, 0, 4, 1, 3, 3, 2, 1, 3, 1, 3, 2, 2, 3, 0, 68.7, 66.8, 84.9, 141.4, 264.7, 271.3, 384.6, 1144.7, 1447.8, 3306.7, 6064.7, 14484.0, 32794.0, 10, 11, 11, 13, 15, 17, 19, 25, 29, 39, 47, 57, 74, 26, 39, 43, 48;
-1, 61, 4, 2, 96, 64, 42, 46, 27, 20, 6, 14, 48, 7, 20, 1, 2, 4, 4, 2, 2, 3, 2, 2, 2, 4, 1, 4, 0, 1, 1, 3, 3, 2, 3, 3, 3, 1, 4, 1, 3, 0, 68.1, 73.5, 81.5, 138.2, 278.9, 509.2, 650.7, 1016.1, 1863.9, 2357.1, 6554.4, 8679.8, 30875.5, 10, 10, 10, 11, 15, 17, 9, 11, 16, 18, 33, 36, 61, -11, 29, 62, 72;
-1, 62, 4, 4, 24, 72, 28, 12, 8, 20, 6, 24, 16, 15, 16, 1, 4, 1, 4, 2, 1, 1, 4, 1, 4, 2, 3, 4, 0, 4, 1, 3, 4, 4, 1, 4, 1, 3, 2, 1, 3, 0, 72.5, 77.5, 91.7, 119.0, 199.0, 369.0, 383.1, 1248.1, 1469.1, 3628.4, 6560.5, 11758.4, 30849.3, 10, 12, 12, 13, 15, 17, 18, 23, 29, 38, 43, 47, 62, -9, 55, 71, 41;
