#======================================================================================
# Kingdomino AI Experiment
#--------------------------------------------------------------------------------------
# 
# Player strategy:   MCE_EG_R
# Opponent strategy: FULL_GREEDY
# 
# Max search time: 0.2 (s)
# Max playouts: 0
# Runs: 200
# 
# System: Linux 3.20GHz
# Output file: kdom_exp-20170404-215341-rev-66b041f-cpu-3.20GHz/kdom_exp_MCE_EG_R_vs_FULL_GREEDY_T0.2_P0.m
# 
# Executing: 'java -jar out/kdom-exp.jar MCE_EG_R FULL_GREEDY kdom_exp-20170404-215341-rev-66b041f-cpu-3.20GHz/kdom_exp_MCE_EG_R_vs_FULL_GREEDY_T0.2_P0.m 0.2 0'
# Git Revision: 66b041f
#--------------------------------------------------------------------------------------

# win, score, num_players, available_moves(13), available_draft(13), chosen_draft_position(13), playouts_per_second(13), scores(13), score_diff, opponent_scores(3)
kdom_exp_MCE_EG_R_vs_FULL_GREEDY_T0_2_P0 = [
-1, 34, 4, 4, 48, 63, 52, 112, 32, 64, 60, 64, 8, 15, 4, 2, 4, 2, 3, 2, 4, 2, 4, 3, 4, 2, 3, 4, 0, 3, 2, 3, 1, 3, 1, 2, 1, 3, 2, 1, 2, 0, 28.3, 39.2, 63.2, 184.3, 141.4, 316.3, 303.7, 822.4, 1269.4, 3959.5, 5810.5, 10196.4, 26631.8, 10, 11, 12, 14, 14, 6, 8, 16, 18, 21, 24, 24, 34, -17, 51, 39, 45;
-1, 35, 4, 2, 72, 22, 40, 20, 26, 28, 26, 10, 1, 15, 6, 1, 2, 3, 1, 4, 1, 2, 2, 2, 1, 1, 3, 3, 0, 2, 4, 1, 4, 3, 3, 3, 4, 4, 2, 2, 2, 0, 28.5, 58.8, 98.7, 110.8, 141.9, 280.0, 434.0, 833.8, 1643.5, 2849.9, 4674.3, 12769.0, 28837.2, 10, 11, 12, 12, 5, 7, 9, 14, 15, 19, 21, 25, 35, -43, 56, 78, 53;
-1, 43, 4, 3, 48, 104, 44, 8, 32, 4, 10, 2, 1, 12, 16, 4, 3, 2, 4, 2, 1, 4, 2, 2, 1, 1, 3, 4, 0, 3, 1, 3, 4, 1, 3, 3, 4, 4, 2, 1, 3, 0, 13.2, 49.7, 58.8, 112.7, 169.5, 202.5, 561.6, 719.4, 1544.3, 3114.1, 5300.5, 10014.7, 27698.3, 10, 11, 11, 1, 3, 3, 8, 8, 14, 14, 18, 22, 43, -41, 52, 84, 37;
-1, 49, 4, 1, 96, 18, 44, 32, 38, 34, 10, 4, 20, 2, 8, 1, 1, 4, 1, 2, 4, 2, 2, 2, 2, 4, 1, 4, 0, 1, 4, 3, 1, 3, 3, 3, 3, 1, 4, 1, 3, 0, 24.1, 52.8, 79.4, 150.1, 124.6, 292.2, 418.5, 1209.4, 1189.0, 1556.3, 8084.1, 9213.0, 26948.9, 10, 10, 12, 12, 12, 14, 18, 24, 26, 32, 38, 42, 49, -14, 52, 47, 63;
-1, 31, 4, 1, 96, 27, 32, 11, 21, 57, 12, 56, 3, 4, 12, 2, 1, 4, 1, 4, 1, 3, 3, 1, 4, 1, 4, 2, 0, 1, 4, 1, 4, 2, 2, 4, 1, 4, 1, 3, 2, 0, 28.3, 62.1, 98.9, 122.2, 240.9, 251.0, 666.0, 1336.0, 1609.2, 3793.4, 4489.8, 16926.9, 24693.5, 10, 10, 13, 13, 14, 15, 16, 18, 18, 22, 22, 24, 31, -22, 41, 53, 45;
-1, 31, 4, 4, 24, 72, 100, 13, 48, 72, 14, 52, 8, 4, 4, 1, 4, 1, 4, 4, 1, 4, 4, 2, 4, 2, 1, 4, 0, 4, 1, 1, 4, 1, 1, 3, 1, 3, 4, 1, 4, 0, 29.0, 48.3, 52.6, 114.5, 141.6, 232.3, 421.4, 666.4, 1055.5, 2902.7, 7983.2, 9369.1, 36713.2, 10, 11, 11, 4, 8, 8, 9, 17, 17, 25, 30, 31, 31, -22, 52, 53, 35;
-1, 43, 4, 2, 48, 66, 40, 11, 33, 36, 5, 28, 1, 12, 8, 2, 2, 2, 3, 4, 1, 3, 4, 1, 4, 1, 3, 2, 0, 3, 2, 1, 4, 2, 1, 4, 1, 4, 2, 3, 3, 0, 22.3, 52.9, 73.4, 117.2, 186.4, 245.0, 499.1, 937.8, 1104.3, 3513.9, 4564.0, 15646.0, 29256.7, 10, 11, 11, 11, 13, 14, 14, 19, 20, 32, 32, 36, 43, -22, 40, 65, 58;
-1, 52, 4, 1, 96, 54, 54, 42, 12, 32, 16, 40, 28, 6, 8, 1, 1, 4, 3, 2, 3, 1, 4, 2, 4, 4, 2, 4, 0, 1, 2, 3, 2, 4, 1, 3, 1, 1, 3, 1, 4, 0, 24.3, 48.4, 57.7, 107.8, 105.2, 369.0, 325.5, 814.6, 1079.8, 1925.0, 6099.4, 8743.2, 36679.8, 10, 10, 11, 11, 12, 15, 15, 19, 21, 25, 31, 35, 52, -7, 48, 59, 50;
-1, 27, 4, 4, 24, 104, 34, 18, 48, 66, 42, 8, 3, 4, 8, 1, 4, 1, 4, 2, 2, 3, 3, 3, 2, 1, 2, 4, 0, 4, 1, 3, 3, 2, 2, 2, 3, 4, 3, 1, 4, 0, 23.0, 54.6, 48.0, 111.5, 187.4, 413.1, 553.3, 913.1, 1252.7, 3957.7, 7212.1, 11453.8, 36806.1, 10, 11, 11, 12, 13, 17, 9, 14, 19, 20, 23, 27, 27, -40, 67, 52, 40;
-1, 45, 4, 2, 72, 72, 40, 48, 40, 14, 30, 14, 6, 6, 1, 1, 2, 3, 4, 2, 4, 4, 2, 3, 2, 3, 2, 1, 0, 2, 1, 3, 1, 1, 3, 2, 3, 2, 3, 4, 2, 0, 25.5, 49.5, 67.5, 116.2, 122.3, 234.4, 628.8, 653.9, 1852.5, 2921.0, 7493.3, 20467.4, 26692.9, 10, 11, 11, 12, 15, 20, 24, 26, 31, 35, 39, 45, 45, -4, 49, 47, 45;
-1, 41, 4, 1, 96, 27, 116, 16, 30, 57, 16, 5, 12, 4, 4, 2, 1, 4, 1, 4, 2, 3, 3, 2, 1, 2, 4, 2, 0, 1, 4, 1, 3, 2, 2, 3, 4, 3, 1, 3, 1, 0, 32.1, 50.6, 69.9, 123.9, 166.6, 237.7, 321.9, 905.2, 2425.7, 3314.2, 3745.7, 17362.5, 23534.3, 10, 10, 12, 14, 14, 18, 21, 23, 35, 35, 35, 39, 41, -21, 62, 48, 36;
-1, 26, 4, 4, 72, 112, 75, 18, 24, 36, 63, 1, 40, 18, 6, 1, 4, 3, 4, 3, 3, 4, 3, 3, 1, 4, 3, 3, 0, 2, 1, 2, 2, 1, 2, 2, 4, 1, 2, 2, 4, 0, 19.4, 52.0, 72.1, 134.2, 206.7, 274.2, 474.1, 765.5, 1856.4, 1859.8, 5309.0, 13839.2, 40286.4, 10, 10, 10, 10, 10, 10, 14, 15, 16, 16, 21, 26, 26, -45, 66, 71, 60;
1, 63, 4, 3, 96, 18, 80, 36, 72, 14, 33, 16, 5, 6, 1, 2, 3, 4, 1, 4, 3, 3, 1, 3, 2, 1, 3, 1, 0, 1, 4, 1, 2, 2, 4, 2, 3, 4, 2, 4, 2, 0, 24.9, 58.3, 73.9, 94.2, 166.8, 265.4, 565.8, 937.4, 1854.7, 3974.2, 4879.3, 17319.7, 23568.4, 10, 11, 13, 13, 17, 21, 28, 29, 38, 44, 44, 50, 63, 12, 46, 51, 44;
-1, 39, 4, 2, 96, 54, 80, 8, 32, 64, 4, 8, 24, 24, 3, 2, 2, 4, 3, 4, 1, 4, 4, 4, 1, 4, 3, 1, 0, 1, 2, 1, 4, 1, 1, 1, 4, 1, 2, 4, 1, 0, 24.7, 64.1, 47.8, 101.0, 194.2, 324.8, 420.7, 662.2, 1794.0, 2594.2, 5202.0, 19687.6, 23668.8, 10, 10, 11, 11, 12, 14, 14, 14, 20, 21, 31, 35, 39, -16, 54, 55, 45;
-1, 37, 4, 2, 72, 104, 80, 40, 42, 11, 48, 30, 10, 24, 3, 1, 2, 3, 4, 4, 4, 3, 1, 4, 3, 2, 4, 3, 0, 2, 1, 1, 1, 2, 4, 1, 2, 3, 1, 2, 2, 0, 29.4, 51.4, 48.6, 109.5, 104.6, 267.7, 563.9, 554.4, 1522.5, 3458.9, 4231.0, 10130.7, 26840.8, 10, 11, 11, 13, 13, 16, 18, 18, 20, 25, 27, 37, 37, -40, 77, 53, 63;
-1, 47, 4, 1, 96, 72, 36, 8, 24, 4, 21, 48, 4, 24, 15, 3, 1, 4, 4, 2, 2, 3, 4, 3, 4, 1, 4, 3, 0, 1, 1, 3, 3, 2, 1, 2, 1, 4, 1, 2, 4, 0, 28.8, 44.2, 49.6, 114.2, 151.0, 254.9, 364.3, 556.4, 921.3, 2521.5, 3237.8, 11724.7, 39685.6, 10, 10, 11, 12, 12, 12, 12, 14, 14, 24, 26, 33, 47, -5, 39, 50, 52;
-1, 37, 4, 4, 96, 16, 57, 18, 48, 10, 18, 12, 12, 8, 2, 2, 4, 4, 1, 3, 2, 4, 1, 3, 4, 2, 4, 2, 0, 1, 4, 2, 3, 1, 4, 2, 1, 3, 1, 3, 1, 0, 28.3, 37.6, 75.6, 85.5, 187.5, 237.2, 457.3, 491.2, 624.1, 3040.0, 3447.7, 14712.0, 21499.7, 10, 10, 11, 12, 13, 15, 19, 19, 20, 23, 23, 30, 37, -39, 76, 58, 67;
-1, 39, 4, 3, 72, 27, 92, 50, 32, 48, 21, 40, 1, 8, 4, 1, 3, 3, 1, 4, 2, 4, 4, 3, 4, 1, 2, 2, 0, 2, 4, 1, 3, 1, 1, 2, 1, 4, 3, 3, 1, 0, 28.9, 48.1, 63.7, 97.0, 112.0, 218.6, 296.9, 743.2, 1063.9, 4751.7, 7427.8, 16054.3, 21331.7, 10, 10, 11, 1, 3, 3, 11, 12, 25, 29, 35, 39, 39, -33, 40, 45, 72;
-1, 52, 4, 1, 96, 144, 90, 108, 128, 21, 34, 5, 8, 3, 2, 5, 1, 4, 4, 3, 4, 4, 1, 2, 1, 4, 3, 2, 0, 1, 1, 2, 1, 1, 4, 3, 4, 1, 2, 3, 2, 0, 37.2, 52.9, 45.7, 121.6, 122.6, 244.1, 420.3, 1180.0, 2779.9, 3244.3, 6564.4, 14810.9, 22886.7, 10, 10, 10, 13, 18, 26, 29, 32, 35, 39, 39, 39, 52, -5, 57, 43, 43;
-1, 33, 4, 4, 24, 66, 38, 64, 15, 45, 32, 6, 8, 3, 1, 1, 4, 1, 3, 2, 4, 1, 3, 4, 1, 2, 3, 1, 0, 4, 2, 3, 1, 4, 2, 1, 4, 3, 2, 4, 1, 0, 14.5, 34.3, 58.3, 142.8, 113.8, 288.7, 523.1, 542.2, 2071.9, 3407.9, 5594.6, 17742.7, 21517.6, 10, 12, 12, 13, 15, 17, 19, 21, 27, 28, 33, 33, 33, -34, 52, 48, 67;
-1, 31, 4, 3, 48, 36, 76, 64, 24, 24, 4, 7, 8, 3, 2, 1, 3, 2, 2, 4, 4, 2, 2, 4, 1, 4, 1, 2, 0, 3, 3, 1, 1, 3, 3, 1, 4, 1, 4, 3, 4, 0, 18.8, 42.2, 52.0, 88.4, 153.1, 323.7, 521.4, 628.4, 1733.1, 1778.5, 8542.9, 14726.4, 32859.1, 10, 10, 11, 11, 11, 12, 13, 13, 18, 18, 20, 26, 31, -29, 60, 28, 43;
-1, 33, 4, 1, 24, 88, 36, 84, 32, 8, 40, 24, 24, 10, 6, 1, 1, 1, 4, 3, 4, 2, 1, 4, 3, 4, 2, 1, 0, 4, 1, 2, 1, 3, 4, 1, 2, 1, 3, 4, 1, 0, 28.5, 45.5, 66.5, 115.7, 112.5, 249.5, 405.0, 564.0, 897.2, 1424.5, 5218.7, 18094.4, 19884.1, 10, 11, 11, 11, 11, 5, 6, 8, 10, 10, 18, 26, 33, -25, 50, 58, 46;
-1, 44, 4, 2, 96, 27, 56, 32, 52, 26, 8, 3, 12, 16, 9, 1, 2, 4, 1, 4, 2, 2, 2, 4, 1, 2, 4, 3, 0, 1, 4, 1, 3, 3, 3, 1, 4, 3, 1, 2, 3, 0, 30.3, 42.9, 73.6, 87.4, 179.3, 234.8, 463.4, 551.0, 1425.7, 3899.3, 5702.1, 12613.3, 28774.3, 10, 10, 12, 12, 13, 14, 15, 17, 21, 23, 25, 32, 44, -19, 42, 63, 57;
