#======================================================================================
# Kingdomino AI Experiment
#--------------------------------------------------------------------------------------
# 
# Player strategy:   MCE_EG_R
# Opponent strategy: FULL_GREEDY
# 
# Max search time: 4 (s)
# Max playouts: 0
# Runs: 200
# 
# System: Linux 3.20GHz
# Output file: kdom_exp-20170404-215341-rev-66b041f-cpu-3.20GHz/kdom_exp_MCE_EG_R_vs_FULL_GREEDY_T4_P0.m
# 
# Executing: 'java -jar out/kdom-exp.jar MCE_EG_R FULL_GREEDY kdom_exp-20170404-215341-rev-66b041f-cpu-3.20GHz/kdom_exp_MCE_EG_R_vs_FULL_GREEDY_T4_P0.m 4 0'
# Git Revision: 66b041f
#--------------------------------------------------------------------------------------

# win, score, num_players, available_moves(13), available_draft(13), chosen_draft_position(13), playouts_per_second(13), scores(13), score_diff, opponent_scores(3)
kdom_exp_MCE_EG_R_vs_FULL_GREEDY_T4_P0 = [
1, 73, 4, 2, 48, 48, 15, 45, 54, 24, 6, 32, 12, 18, 4, 1, 2, 2, 3, 1, 3, 3, 4, 1, 4, 3, 3, 2, 0, 3, 2, 4, 2, 2, 1, 4, 1, 2, 2, 3, 4, 0, 68.1, 77.0, 100.3, 165.8, 193.4, 269.7, 380.7, 923.1, 1038.5, 1935.5, 6066.3, 18026.9, 38138.8, 10, 11, 11, 15, 17, 18, 20, 32, 40, 50, 56, 61, 73, 23, 50, 20, 37;
-1, 43, 4, 2, 72, 54, 48, 48, 15, 56, 18, 5, 24, 6, 2, 1, 2, 3, 3, 4, 3, 1, 4, 3, 1, 4, 2, 1, 0, 2, 2, 1, 2, 4, 1, 2, 4, 1, 3, 4, 2, 0, 67.1, 78.4, 90.8, 114.4, 212.3, 456.6, 504.5, 1256.5, 1879.8, 2293.1, 7396.8, 20536.6, 25691.3, 10, 11, 11, 11, 13, 19, 19, 23, 27, 29, 35, 43, 43, -24, 41, 67, 54;
-1, 54, 4, 1, 72, 72, 96, 24, 48, 6, 24, 24, 6, 2, 8, 1, 1, 3, 4, 4, 2, 4, 1, 2, 4, 2, 1, 4, 0, 2, 1, 1, 3, 1, 4, 3, 1, 3, 4, 1, 2, 0, 61.4, 66.1, 66.6, 106.4, 212.5, 251.5, 535.8, 780.0, 1135.9, 2307.6, 7504.2, 9805.2, 24994.1, 10, 10, 10, 11, 14, 16, 18, 22, 24, 34, 38, 40, 54, -14, 68, 47, 62;
1, 64, 4, 4, 48, 32, 72, 28, 64, 24, 5, 12, 8, 18, 16, 2, 4, 2, 2, 4, 2, 4, 2, 1, 2, 4, 3, 4, 0, 3, 3, 1, 3, 1, 3, 4, 3, 1, 2, 1, 4, 0, 57.7, 68.1, 108.5, 104.9, 195.8, 336.7, 665.2, 1198.8, 1999.2, 1721.8, 5619.4, 11285.9, 35480.5, 10, 11, 12, 12, 15, 19, 26, 29, 35, 39, 48, 54, 64, 17, 46, 40, 47;
-1, 50, 4, 4, 24, 72, 18, 39, 34, 39, 24, 24, 21, 6, 4, 1, 4, 1, 4, 1, 3, 2, 3, 2, 4, 3, 3, 2, 0, 4, 1, 4, 2, 3, 2, 3, 1, 2, 2, 3, 4, 0, 72.7, 76.9, 85.2, 157.1, 192.3, 261.6, 401.4, 734.6, 909.5, 2426.5, 4840.8, 18296.8, 38964.5, 10, 13, 13, 14, 14, 14, 15, 20, 22, 24, 30, 38, 50, -9, 49, 53, 59;
1, 61, 4, 4, 24, 81, 80, 12, 48, 27, 27, 1, 6, 4, 4, 1, 4, 1, 3, 4, 1, 4, 3, 3, 1, 3, 1, 2, 0, 4, 2, 1, 4, 1, 2, 2, 4, 2, 4, 3, 3, 0, 66.4, 73.1, 88.9, 111.4, 206.4, 255.0, 399.5, 639.6, 1549.4, 1967.2, 9530.8, 18583.7, 32999.0, 10, 11, 11, 13, 15, 15, 16, 19, 27, 28, 36, 47, 61, 2, 44, 49, 59;
-1, 50, 4, 3, 72, 72, 112, 8, 20, 14, 40, 8, 24, 4, 1, 1, 3, 3, 4, 4, 1, 2, 2, 4, 1, 4, 4, 1, 0, 2, 1, 1, 4, 3, 3, 1, 4, 1, 1, 4, 2, 0, 58.2, 70.4, 75.2, 117.2, 169.2, 355.2, 539.6, 666.5, 1916.1, 2028.9, 4596.7, 19136.8, 24720.6, 10, 10, 10, 10, 12, 18, 28, 28, 34, 34, 41, 50, 50, -4, 36, 52, 54;
-1, 47, 4, 4, 24, 63, 152, 56, 100, 11, 24, 6, 24, 3, 16, 1, 4, 1, 3, 4, 4, 4, 1, 3, 2, 4, 1, 4, 0, 4, 2, 1, 1, 1, 4, 2, 3, 1, 4, 1, 3, 0, 67.6, 70.4, 103.9, 139.5, 151.7, 237.2, 719.6, 1083.3, 1762.0, 2681.3, 8248.2, 10892.2, 31545.3, 10, 12, 12, 12, 12, 14, 16, 22, 24, 29, 33, 35, 47, -16, 47, 63, 41;
1, 63, 4, 1, 72, 104, 52, 24, 9, 48, 24, 24, 16, 16, 2, 2, 1, 3, 4, 2, 4, 1, 3, 2, 4, 2, 4, 2, 0, 2, 1, 3, 1, 4, 2, 3, 1, 3, 1, 3, 1, 0, 67.4, 78.0, 76.5, 146.0, 148.6, 351.0, 455.7, 1047.9, 1324.2, 3731.1, 4490.9, 15940.3, 24612.6, 10, 10, 10, 11, 11, 17, 17, 20, 26, 35, 35, 49, 63, 12, 38, 41, 51;
1, 63, 4, 3, 24, 72, 44, 96, 22, 64, 28, 2, 12, 2, 12, 2, 3, 1, 4, 2, 4, 2, 4, 4, 1, 4, 1, 4, 0, 4, 1, 3, 1, 3, 1, 1, 4, 1, 4, 1, 2, 0, 65.9, 80.0, 93.1, 143.2, 154.8, 327.5, 448.5, 890.6, 1663.0, 1942.2, 8103.9, 11041.4, 27547.4, 10, 11, 11, 14, 14, 19, 23, 30, 34, 37, 51, 51, 63, 5, 34, 58, 54;
1, 65, 4, 3, 72, 144, 48, 54, 24, 18, 6, 12, 18, 5, 6, 2, 3, 3, 4, 4, 2, 3, 3, 1, 2, 3, 1, 3, 0, 2, 1, 1, 3, 2, 2, 4, 3, 2, 4, 2, 4, 0, 69.4, 79.7, 85.9, 134.1, 237.4, 384.0, 545.0, 1277.7, 1547.7, 3111.0, 10144.7, 14687.8, 39604.9, 10, 11, 11, 11, 12, 13, 15, 20, 29, 37, 48, 54, 65, 5, 40, 50, 60;
1, 71, 4, 2, 72, 27, 48, 32, 30, 28, 14, 12, 32, 4, 8, 1, 2, 3, 1, 3, 2, 3, 4, 2, 2, 4, 1, 4, 0, 2, 4, 2, 3, 2, 1, 3, 3, 1, 4, 1, 1, 0, 66.4, 68.4, 106.0, 149.6, 217.2, 280.5, 407.6, 1099.5, 1819.3, 2203.9, 6647.0, 7659.2, 20843.5, 10, 10, 11, 11, 12, 15, 26, 30, 33, 39, 47, 53, 71, 11, 44, 47, 60;
-1, 47, 4, 4, 96, 64, 21, 19, 40, 11, 18, 12, 32, 1, 2, 1, 4, 4, 4, 1, 1, 4, 1, 2, 2, 4, 1, 1, 0, 1, 1, 4, 4, 1, 4, 3, 3, 1, 4, 4, 4, 0, 63.8, 76.0, 70.9, 105.4, 181.4, 204.9, 454.8, 1043.2, 1798.7, 2295.1, 9581.2, 22774.0, 40310.1, 10, 10, 10, 13, 16, 16, 27, 36, 41, 41, 45, 47, 47, -38, 85, 40, 82;
-1, 52, 4, 4, 24, 64, 80, 26, 36, 45, 5, 32, 5, 8, 8, 1, 4, 1, 4, 4, 2, 2, 3, 1, 4, 1, 2, 4, 0, 4, 1, 1, 3, 3, 2, 4, 1, 4, 3, 1, 4, 0, 66.5, 78.2, 79.8, 92.9, 172.2, 268.8, 563.8, 1072.5, 1093.5, 4329.6, 7848.4, 11217.6, 40565.4, 10, 12, 12, 12, 15, 16, 17, 27, 27, 33, 35, 35, 52, -25, 60, 50, 77;
-1, 34, 4, 3, 72, 88, 24, 64, 32, 8, 8, 24, 9, 3, 2, 1, 3, 3, 4, 1, 4, 2, 1, 2, 3, 3, 3, 2, 0, 2, 1, 4, 1, 3, 4, 3, 2, 2, 2, 3, 1, 0, 63.0, 64.9, 93.7, 154.3, 196.7, 356.2, 969.4, 1318.4, 1965.8, 2846.7, 7090.5, 17816.2, 22285.3, 10, 10, 12, 12, 12, 14, 16, 19, 23, 30, 34, 34, 34, -20, 54, 43, 51;
1, 76, 4, 2, 96, 66, 60, 48, 36, 56, 36, 40, 16, 12, 2, 1, 2, 4, 3, 3, 3, 3, 4, 3, 4, 4, 2, 2, 0, 1, 2, 2, 2, 2, 1, 2, 1, 1, 3, 3, 3, 0, 68.6, 66.9, 82.4, 125.2, 160.8, 288.0, 404.6, 577.2, 782.5, 2291.6, 6607.1, 13310.6, 27799.4, 10, 11, 12, 13, 20, 21, 30, 36, 42, 45, 59, 67, 76, 19, 57, 37, 36;
-1, 47, 4, 2, 96, 16, 36, 36, 10, 64, 24, 8, 21, 4, 2, 2, 2, 4, 1, 2, 3, 1, 4, 4, 2, 3, 4, 1, 0, 1, 4, 3, 2, 4, 1, 1, 3, 2, 1, 4, 1, 0, 66.7, 71.5, 105.6, 146.3, 162.7, 371.4, 432.7, 953.5, 2229.3, 3430.9, 6739.2, 19839.6, 22046.7, 10, 10, 12, 13, 13, 14, 14, 18, 23, 27, 35, 39, 47, -9, 28, 48, 56;
-1, 46, 4, 1, 96, 18, 24, 28, 26, 33, 7, 8, 12, 4, 4, 3, 1, 4, 1, 2, 2, 2, 3, 1, 4, 2, 4, 4, 0, 1, 4, 3, 3, 3, 2, 4, 1, 3, 1, 1, 4, 0, 71.5, 81.5, 146.9, 180.9, 229.7, 362.1, 449.4, 1553.8, 1603.2, 4598.4, 5452.4, 10516.2, 38198.7, 10, 10, 12, 12, 13, 15, 16, 22, 24, 31, 31, 40, 46, -19, 35, 65, 48;
1, 73, 4, 2, 48, 63, 36, 36, 72, 18, 14, 6, 15, 16, 6, 2, 2, 2, 3, 2, 2, 4, 3, 2, 1, 3, 4, 2, 0, 3, 2, 3, 3, 1, 2, 3, 4, 2, 1, 3, 1, 0, 64.6, 75.7, 99.3, 141.5, 219.7, 316.5, 488.8, 886.4, 1678.9, 2547.7, 4196.7, 16819.1, 24680.0, 10, 11, 12, 14, 16, 18, 19, 30, 34, 36, 49, 64, 73, 16, 14, 57, 44;
-1, 54, 4, 3, 48, 48, 69, 88, 64, 45, 26, 32, 4, 16, 6, 2, 3, 2, 3, 3, 4, 4, 3, 2, 4, 1, 4, 2, 0, 3, 2, 2, 1, 1, 2, 3, 1, 4, 1, 3, 1, 0, 66.3, 70.2, 91.3, 125.7, 191.7, 234.7, 490.7, 1121.7, 1555.7, 3903.4, 4425.5, 16787.1, 24340.3, 10, 11, 12, 15, 17, 17, 21, 27, 31, 35, 39, 45, 54, -8, 62, 42, 48;
-1, 51, 4, 2, 48, 48, 56, 69, 3, 36, 18, 12, 6, 6, 6, 2, 2, 2, 3, 4, 3, 1, 3, 3, 2, 2, 3, 2, 0, 3, 2, 1, 2, 4, 2, 2, 3, 3, 2, 3, 2, 0, 63.7, 73.4, 77.9, 95.6, 159.9, 413.8, 650.7, 1028.2, 2048.8, 4425.1, 6155.9, 13369.0, 23824.1, 10, 12, 12, 13, 14, 20, 20, 22, 27, 35, 35, 45, 51, -29, 52, 80, 58;
-1, 65, 4, 3, 48, 81, 44, 96, 40, 24, 12, 56, 24, 12, 9, 1, 3, 2, 3, 2, 4, 2, 4, 3, 4, 3, 4, 3, 0, 3, 2, 3, 1, 3, 1, 2, 1, 2, 1, 2, 4, 0, 63.1, 73.4, 79.7, 146.6, 185.3, 341.1, 402.4, 1044.5, 1156.7, 2365.7, 3572.3, 14190.6, 38495.8, 10, 11, 12, 14, 14, 17, 21, 24, 27, 28, 43, 47, 65, -5, 54, 70, 35;
-1, 51, 4, 3, 48, 66, 42, 15, 32, 33, 8, 30, 10, 3, 8, 2, 3, 2, 3, 3, 1, 2, 3, 2, 3, 2, 1, 4, 0, 3, 2, 2, 4, 3, 2, 3, 2, 3, 4, 1, 2, 0, 66.1, 78.9, 91.8, 157.9, 249.8, 408.9, 690.6, 1506.1, 1645.0, 3367.5, 7552.8, 9269.7, 25055.4, 10, 11, 11, 13, 15, 15, 18, 22, 25, 29, 37, 37, 51, -14, 35, 65, 60;
