#======================================================================================
# Kingdomino AI Experiment
#--------------------------------------------------------------------------------------
# 
# Player strategy:   MCE_EG_R
# Opponent strategy: FULL_GREEDY
# 
# Max search time: 1 (s)
# Max playouts: 0
# Runs: 200
# 
# System: Linux 3.20GHz
# Output file: kdom_exp-20170404-215341-rev-66b041f-cpu-3.20GHz/kdom_exp_MCE_EG_R_vs_FULL_GREEDY_T1_P0.m
# 
# Executing: 'java -jar out/kdom-exp.jar MCE_EG_R FULL_GREEDY kdom_exp-20170404-215341-rev-66b041f-cpu-3.20GHz/kdom_exp_MCE_EG_R_vs_FULL_GREEDY_T1_P0.m 1 0'
# Git Revision: 66b041f
#--------------------------------------------------------------------------------------

# win, score, num_players, available_moves(13), available_draft(13), chosen_draft_position(13), playouts_per_second(13), scores(13), score_diff, opponent_scores(3)
kdom_exp_MCE_EG_R_vs_FULL_GREEDY_T1_P0 = [
0, 60, 4, 3, 48, 78, 90, 36, 44, 17, 4, 14, 14, 8, 3, 4, 3, 2, 3, 3, 2, 2, 1, 4, 2, 2, 4, 1, 0, 3, 2, 2, 3, 3, 4, 1, 3, 3, 1, 4, 1, 0, 50.6, 76.1, 79.0, 123.4, 175.5, 276.9, 747.9, 652.8, 1652.0, 3656.8, 4262.9, 18181.2, 20470.8, 10, 11, 11, 12, 16, 22, 23, 23, 34, 40, 46, 57, 60, 0, 52, 60, 43;
-1, 42, 4, 1, 96, 42, 112, 54, 4, 45, 30, 16, 3, 12, 4, 1, 1, 4, 2, 4, 3, 1, 3, 2, 4, 1, 4, 4, 0, 1, 3, 1, 2, 4, 2, 3, 1, 4, 1, 1, 4, 0, 43.3, 55.7, 85.6, 119.6, 259.4, 348.9, 413.7, 980.7, 1156.7, 2719.3, 3675.0, 9022.5, 35936.4, 10, 11, 12, 14, 14, 15, 20, 24, 24, 27, 34, 34, 42, -17, 59, 57, 49;
-1, 53, 4, 4, 96, 124, 24, 40, 20, 18, 12, 18, 3, 6, 6, 1, 4, 4, 4, 1, 4, 2, 2, 3, 3, 1, 3, 3, 0, 1, 1, 4, 1, 3, 3, 2, 2, 4, 2, 2, 4, 0, 49.5, 65.0, 76.3, 151.3, 176.0, 388.0, 611.8, 744.8, 1612.9, 3614.3, 5341.1, 15514.8, 37992.8, 10, 10, 13, 16, 16, 18, 20, 22, 27, 34, 35, 37, 53, -16, 57, 69, 54;
-1, 43, 4, 1, 96, 54, 24, 38, 56, 39, 36, 20, 4, 6, 12, 1, 1, 4, 2, 3, 2, 4, 3, 4, 2, 1, 3, 3, 0, 1, 3, 2, 3, 1, 2, 1, 3, 4, 2, 2, 4, 0, 50.8, 79.0, 113.8, 117.4, 310.3, 318.5, 416.7, 493.2, 1919.9, 5227.7, 7898.9, 12967.1, 37152.3, 10, 10, 11, 11, 12, 4, 13, 15, 22, 29, 32, 36, 43, -10, 46, 53, 46;
-1, 34, 4, 2, 72, 22, 90, 64, 6, 32, 45, 2, 4, 27, 15, 2, 2, 3, 1, 3, 4, 1, 4, 3, 1, 4, 3, 3, 0, 2, 4, 2, 1, 4, 1, 2, 4, 1, 2, 2, 2, 0, 48.1, 53.9, 112.0, 136.8, 157.5, 463.9, 463.9, 932.1, 1353.2, 1326.6, 2893.2, 13809.3, 23802.2, 10, 10, 12, 12, 12, 13, 13, 16, 18, 18, 23, 30, 34, -22, 53, 56, 40;
1, 52, 4, 1, 72, 64, 88, 40, 36, 12, 8, 32, 12, 12, 4, 2, 1, 3, 4, 4, 2, 3, 2, 1, 4, 4, 2, 2, 0, 2, 1, 1, 3, 2, 3, 4, 1, 1, 3, 3, 3, 0, 42.9, 59.0, 70.7, 129.2, 257.9, 285.4, 557.9, 1034.7, 1050.8, 1955.0, 6748.4, 14565.9, 29262.0, 10, 10, 10, 10, 12, 12, 15, 18, 18, 27, 34, 42, 52, 1, 51, 49, 47;
-1, 52, 4, 3, 48, 64, 16, 57, 4, 27, 22, 9, 15, 4, 9, 1, 3, 2, 4, 1, 3, 1, 3, 2, 1, 3, 1, 3, 0, 3, 1, 4, 2, 4, 2, 3, 4, 2, 4, 2, 3, 0, 46.4, 71.7, 79.9, 138.5, 176.0, 382.9, 556.3, 881.5, 1947.2, 2607.3, 7509.7, 12042.6, 28983.9, 10, 11, 11, 14, 15, 17, 17, 23, 27, 29, 38, 40, 52, -23, 51, 75, 46;
1, 62, 4, 2, 48, 42, 54, 38, 108, 18, 40, 7, 32, 16, 6, 1, 2, 2, 2, 3, 2, 3, 2, 4, 1, 4, 4, 3, 0, 3, 3, 2, 3, 2, 3, 1, 4, 1, 1, 2, 4, 0, 47.2, 55.7, 113.5, 136.2, 236.4, 297.1, 626.7, 758.0, 1569.1, 1622.7, 3960.9, 12369.0, 36968.3, 10, 11, 12, 14, 15, 17, 17, 19, 30, 33, 43, 53, 62, 11, 37, 49, 51;
-1, 58, 4, 3, 72, 44, 78, 104, 39, 54, 36, 13, 18, 18, 8, 2, 3, 3, 2, 3, 4, 3, 3, 3, 1, 3, 3, 4, 0, 2, 3, 2, 1, 2, 2, 2, 4, 2, 2, 1, 4, 0, 45.6, 57.7, 100.8, 112.4, 150.5, 251.7, 326.1, 888.1, 2202.7, 2717.9, 5958.8, 9925.9, 39367.8, 10, 11, 12, 4, 6, 6, 9, 10, 19, 21, 32, 38, 58, -22, 50, 63, 80;
-1, 46, 4, 3, 96, 81, 48, 42, 48, 5, 8, 10, 16, 12, 1, 1, 3, 4, 3, 4, 3, 4, 1, 4, 2, 4, 2, 1, 0, 1, 2, 1, 2, 1, 4, 1, 3, 1, 3, 4, 3, 0, 48.6, 80.2, 80.2, 127.3, 185.9, 264.0, 522.6, 522.5, 1504.5, 1923.8, 6693.9, 19741.5, 31524.6, 10, 11, 11, 11, 13, 15, 18, 19, 21, 24, 31, 34, 46, -14, 55, 52, 60;
-1, 43, 4, 1, 96, 54, 63, 96, 30, 24, 28, 30, 16, 8, 2, 1, 1, 4, 3, 3, 4, 3, 4, 2, 3, 2, 4, 1, 0, 1, 2, 2, 1, 2, 1, 3, 2, 3, 1, 4, 3, 0, 47.9, 61.5, 73.0, 121.9, 156.4, 273.7, 358.8, 1033.5, 1649.7, 3459.5, 4644.9, 19899.5, 29471.4, 10, 10, 11, 12, 12, 12, 14, 18, 18, 28, 30, 36, 43, -16, 59, 55, 40;
-1, 67, 4, 4, 24, 144, 84, 30, 76, 34, 24, 8, 6, 12, 4, 2, 4, 1, 4, 3, 3, 4, 2, 2, 2, 3, 4, 2, 0, 4, 1, 2, 2, 1, 3, 3, 3, 2, 1, 3, 1, 0, 47.5, 65.5, 83.8, 122.2, 163.0, 220.2, 385.4, 894.3, 2066.6, 2636.4, 4509.6, 16333.8, 22415.3, 10, 12, 12, 12, 16, 19, 21, 24, 33, 33, 46, 56, 67, -1, 45, 43, 68;
0, 61, 4, 1, 96, 36, 72, 128, 9, 30, 18, 8, 16, 8, 8, 1, 1, 4, 2, 3, 4, 1, 3, 3, 1, 4, 2, 4, 0, 1, 3, 2, 1, 4, 2, 2, 4, 1, 3, 1, 2, 0, 49.9, 68.0, 95.8, 98.8, 153.7, 317.9, 446.0, 637.8, 1638.4, 2071.6, 8193.4, 10906.6, 25409.0, 10, 10, 11, 12, 12, 14, 15, 17, 19, 28, 40, 43, 61, 0, 56, 61, 60;
-1, 40, 4, 3, 96, 144, 102, 66, 40, 4, 4, 28, 6, 1, 12, 1, 3, 4, 4, 3, 3, 2, 2, 2, 2, 3, 1, 4, 0, 1, 1, 2, 2, 3, 3, 3, 3, 2, 4, 1, 3, 0, 48.3, 71.0, 74.9, 120.6, 175.8, 409.1, 450.0, 703.8, 1482.7, 1813.7, 5968.4, 7960.1, 30445.1, 10, 10, 10, 5, 5, 7, 7, 9, 16, 16, 24, 25, 40, -20, 59, 53, 60;
-1, 31, 4, 4, 24, 32, 88, 42, 8, 48, 10, 7, 16, 6, 6, 1, 4, 1, 2, 4, 2, 1, 4, 2, 1, 4, 3, 3, 0, 4, 3, 1, 3, 4, 1, 3, 4, 1, 2, 2, 3, 0, 45.9, 78.4, 102.4, 141.6, 197.0, 348.7, 457.9, 995.9, 1964.8, 1933.4, 7326.8, 14078.1, 28340.2, 10, 11, 11, 13, 8, 10, 10, 14, 21, 21, 25, 31, 31, -17, 48, 48, 42;
-1, 33, 4, 1, 48, 48, 54, 80, 48, 48, 2, 48, 4, 15, 18, 1, 1, 2, 3, 3, 4, 3, 3, 1, 4, 4, 3, 3, 0, 3, 2, 2, 1, 2, 2, 4, 1, 1, 2, 2, 2, 0, 42.3, 68.6, 89.8, 124.4, 163.9, 259.1, 433.4, 912.7, 1186.8, 1467.9, 5947.9, 12618.6, 23357.9, 10, 10, 10, 11, 1, 5, 5, 7, 10, 10, 16, 22, 33, -28, 61, 57, 38;
-1, 47, 4, 1, 48, 48, 54, 48, 64, 36, 18, 16, 3, 2, 1, 1, 1, 2, 3, 3, 3, 4, 3, 2, 4, 1, 2, 1, 0, 3, 2, 2, 2, 1, 2, 3, 1, 4, 3, 4, 1, 0, 47.4, 65.7, 96.7, 162.7, 253.6, 300.0, 706.9, 1221.0, 1481.4, 4068.2, 7340.5, 19464.5, 21591.8, 10, 10, 11, 13, 15, 15, 24, 28, 32, 43, 45, 47, 47, -10, 51, 40, 57;
-1, 42, 4, 1, 96, 62, 81, 112, 8, 112, 32, 12, 15, 4, 12, 2, 1, 4, 2, 3, 4, 1, 4, 2, 2, 3, 1, 4, 0, 1, 3, 2, 1, 4, 1, 3, 3, 2, 4, 1, 1, 0, 50.1, 68.0, 95.9, 103.7, 166.2, 331.3, 445.0, 1069.3, 1655.5, 2438.2, 6110.9, 8743.9, 19823.7, 10, 10, 3, 5, 5, 7, 10, 19, 21, 25, 33, 33, 42, -6, 35, 48, 47;
-1, 34, 4, 2, 72, 42, 32, 80, 14, 18, 6, 24, 16, 2, 7, 1, 2, 3, 2, 4, 4, 1, 2, 3, 3, 2, 2, 1, 0, 2, 3, 1, 1, 4, 3, 2, 2, 3, 3, 4, 2, 0, 49.1, 59.9, 118.9, 151.5, 158.9, 333.0, 494.8, 593.1, 1503.6, 2552.9, 4003.1, 18785.2, 22956.7, 10, 10, 11, 11, 11, 16, 16, 16, 22, 30, 30, 31, 34, -35, 69, 57, 35;
-1, 41, 4, 2, 72, 54, 63, 44, 75, 14, 8, 3, 16, 1, 4, 2, 2, 3, 2, 3, 2, 3, 1, 4, 1, 4, 1, 4, 0, 2, 3, 2, 3, 2, 4, 1, 4, 1, 4, 1, 1, 0, 48.8, 66.4, 96.2, 115.0, 212.6, 392.7, 771.6, 846.0, 1817.5, 1978.8, 8059.7, 9308.4, 24180.7, 10, 10, 12, 4, 12, 16, 19, 19, 25, 27, 33, 33, 41, -7, 40, 48, 45;
-1, 43, 4, 4, 72, 81, 116, 33, 18, 12, 12, 30, 24, 3, 12, 1, 4, 3, 3, 4, 3, 2, 3, 2, 3, 4, 1, 4, 0, 2, 2, 1, 2, 3, 2, 3, 2, 1, 4, 1, 3, 0, 40.2, 63.2, 67.9, 92.2, 162.9, 286.2, 311.6, 680.4, 1070.9, 1711.1, 5605.5, 6780.6, 26222.4, 10, 10, 11, 13, 14, 17, 17, 20, 21, 25, 28, 30, 43, -12, 55, 44, 37;
-1, 42, 4, 3, 96, 16, 92, 25, 56, 4, 24, 18, 4, 4, 2, 2, 3, 4, 1, 4, 1, 4, 1, 3, 2, 4, 2, 2, 0, 1, 4, 1, 4, 1, 4, 2, 3, 1, 3, 3, 3, 0, 51.3, 63.0, 112.9, 133.0, 256.7, 250.9, 705.0, 750.6, 1351.4, 1938.5, 4515.8, 15509.0, 32226.0, 10, 10, 10, 11, 20, 20, 22, 22, 26, 30, 34, 34, 42, -11, 47, 53, 47;
-1, 35, 4, 3, 72, 48, 48, 19, 48, 4, 12, 8, 3, 3, 2, 1, 3, 3, 3, 4, 1, 4, 1, 3, 4, 3, 1, 2, 0, 2, 2, 1, 4, 1, 4, 2, 1, 2, 4, 3, 1, 0, 53.8, 65.7, 92.4, 137.5, 269.1, 251.5, 740.7, 869.9, 1566.9, 2941.6, 9668.4, 14586.4, 21360.9, 10, 10, 10, 11, 17, 17, 21, 21, 23, 27, 31, 35, 35, -38, 54, 30, 73;
