#======================================================================================
# Kingdomino AI Experiment
#--------------------------------------------------------------------------------------
# 
# Player strategy:   MCE_EG_R
# Opponent strategy: FULL_GREEDY
# 
# Max search time: 0.1 (s)
# Max playouts: 0
# Runs: 200
# 
# System: Linux 3.20GHz
# Output file: kdom_exp-20170404-215341-rev-66b041f-cpu-3.20GHz/kdom_exp_MCE_EG_R_vs_FULL_GREEDY_T0.1_P0.m
# 
# Executing: 'java -jar out/kdom-exp.jar MCE_EG_R FULL_GREEDY kdom_exp-20170404-215341-rev-66b041f-cpu-3.20GHz/kdom_exp_MCE_EG_R_vs_FULL_GREEDY_T0.1_P0.m 0.1 0'
# Git Revision: 66b041f
#--------------------------------------------------------------------------------------

# win, score, num_players, available_moves(13), available_draft(13), chosen_draft_position(13), playouts_per_second(13), scores(13), score_diff, opponent_scores(3)
kdom_exp_MCE_EG_R_vs_FULL_GREEDY_T0_1_P0 = [
-1, 40, 4, 4, 96, 64, 40, 18, 4, 39, 30, 24, 16, 3, 4, 1, 4, 4, 4, 4, 3, 1, 3, 3, 3, 4, 1, 2, 0, 1, 1, 1, 2, 4, 2, 2, 2, 1, 4, 3, 2, 0, 12.7, 55.4, 41.1, 95.9, 76.9, 299.2, 474.0, 717.4, 956.5, 1438.2, 4764.2, 11206.1, 21928.7, 10, 10, 10, 11, 11, 13, 16, 16, 16, 16, 27, 34, 40, -25, 37, 65, 60;
-1, 51, 4, 1, 96, 52, 112, 128, 2, 3, 104, 6, 27, 5, 4, 1, 1, 4, 2, 4, 4, 1, 3, 4, 1, 3, 1, 4, 0, 1, 3, 1, 1, 4, 2, 1, 4, 2, 4, 1, 4, 0, 9.8, 43.0, 60.8, 96.1, 84.6, 340.7, 414.6, 479.9, 1446.8, 2158.2, 6857.5, 7929.6, 41076.8, 10, 10, 11, 11, 11, 13, 13, 20, 26, 27, 38, 38, 51, -21, 63, 53, 72;
-1, 40, 4, 1, 96, 62, 12, 24, 22, 48, 26, 40, 18, 24, 3, 1, 1, 4, 2, 1, 4, 2, 4, 2, 4, 3, 4, 1, 0, 1, 3, 4, 1, 3, 1, 3, 1, 2, 1, 4, 3, 0, 21.2, 46.6, 63.1, 132.2, 138.5, 355.1, 550.7, 1156.8, 1556.9, 3208.4, 4146.6, 18249.5, 31044.7, 10, 10, 11, 13, 13, 16, 16, 19, 25, 31, 33, 40, 40, -6, 42, 46, 39;
-1, 49, 4, 3, 72, 72, 50, 56, 54, 72, 36, 4, 7, 15, 2, 3, 3, 3, 4, 2, 4, 3, 4, 2, 4, 1, 3, 1, 0, 2, 1, 3, 1, 2, 1, 3, 1, 4, 2, 4, 2, 0, 16.3, 65.3, 54.6, 135.1, 106.9, 378.2, 439.4, 1215.1, 1565.9, 3309.4, 4953.4, 13801.1, 22496.3, 10, 10, 10, 11, 11, 14, 16, 31, 31, 33, 39, 45, 49, -4, 53, 37, 46;
-1, 47, 4, 2, 96, 36, 51, 63, 10, 22, 24, 12, 9, 9, 6, 1, 2, 4, 2, 3, 3, 1, 2, 2, 3, 3, 3, 3, 0, 1, 3, 2, 2, 4, 3, 3, 2, 2, 2, 2, 3, 0, 19.3, 45.9, 75.8, 108.6, 155.2, 288.2, 624.8, 848.3, 1606.4, 2886.2, 6838.0, 11551.1, 27734.0, 10, 10, 11, 11, 12, 16, 18, 19, 22, 27, 33, 39, 47, -20, 42, 33, 67;
-1, 29, 4, 3, 72, 66, 14, 69, 48, 8, 26, 64, 6, 8, 4, 1, 3, 3, 3, 1, 3, 2, 4, 2, 4, 2, 4, 4, 0, 2, 2, 4, 2, 3, 1, 3, 1, 3, 1, 1, 4, 0, 9.4, 23.8, 61.5, 119.0, 168.2, 443.8, 498.9, 1035.9, 1549.4, 3504.7, 4438.6, 9086.6, 32821.5, 10, 10, 10, 12, 16, 18, 18, 19, 19, 23, 23, 23, 29, -24, 53, 44, 53;
-1, 31, 4, 3, 48, 42, 96, 60, 20, 40, 28, 32, 18, 2, 3, 1, 3, 2, 2, 4, 3, 1, 4, 2, 4, 3, 1, 3, 0, 3, 3, 1, 2, 4, 1, 3, 1, 2, 4, 2, 3, 0, 17.7, 28.4, 75.4, 70.9, 146.7, 296.8, 358.4, 763.4, 877.1, 2322.3, 7044.6, 9654.6, 29397.3, 10, 11, 12, 12, 12, 19, 19, 13, 19, 24, 26, 26, 31, -26, 47, 53, 57;
-1, 47, 4, 1, 72, 62, 40, 16, 14, 24, 6, 32, 12, 6, 6, 2, 1, 3, 2, 4, 2, 1, 3, 1, 4, 2, 2, 3, 0, 2, 3, 1, 3, 4, 2, 4, 1, 3, 3, 2, 4, 0, 12.7, 60.8, 56.6, 69.6, 115.3, 248.3, 335.2, 977.0, 1398.0, 3598.5, 5493.0, 11896.9, 34587.5, 10, 10, 11, 11, 12, 15, 16, 19, 19, 22, 35, 39, 47, -14, 35, 61, 36;
-1, 31, 4, 1, 96, 64, 57, 22, 28, 32, 24, 42, 3, 14, 3, 1, 1, 4, 4, 3, 2, 2, 4, 2, 3, 3, 2, 1, 0, 1, 1, 2, 3, 3, 1, 3, 2, 2, 3, 4, 3, 0, 9.5, 39.1, 36.6, 97.3, 154.4, 267.2, 299.9, 607.8, 925.3, 1333.0, 5832.8, 15574.2, 31434.0, 10, 10, 10, 1, 2, 2, 4, 15, 17, 17, 21, 22, 31, -33, 59, 36, 64;
-1, 23, 4, 3, 96, 64, 40, 24, 26, 18, 32, 8, 9, 2, 3, 2, 3, 4, 4, 4, 3, 2, 2, 4, 2, 3, 2, 3, 0, 1, 1, 1, 2, 3, 3, 1, 3, 2, 3, 2, 1, 0, 16.8, 33.0, 77.3, 105.7, 136.2, 236.0, 499.1, 547.0, 1318.0, 2870.2, 6944.5, 12919.1, 22528.7, 10, 10, 10, 11, 14, 17, 21, 11, 14, 21, 21, 21, 23, -32, 48, 53, 55;
-1, 40, 4, 3, 96, 54, 66, 16, 69, 12, 64, 5, 12, 2, 2, 1, 3, 4, 2, 3, 4, 3, 1, 4, 1, 3, 1, 2, 0, 1, 3, 2, 1, 2, 4, 1, 4, 2, 4, 3, 1, 0, 7.3, 29.6, 72.3, 120.1, 98.9, 276.2, 520.2, 593.2, 2013.1, 3178.4, 8499.4, 14049.8, 21799.3, 10, 10, 11, 12, 12, 14, 16, 16, 18, 24, 30, 40, 40, -19, 46, 59, 51;
-1, 34, 4, 1, 72, 66, 32, 32, 80, 54, 12, 9, 5, 6, 4, 2, 1, 3, 3, 2, 2, 4, 3, 3, 3, 1, 3, 2, 0, 2, 2, 3, 3, 1, 2, 2, 2, 4, 2, 3, 2, 0, 18.0, 19.7, 56.6, 129.4, 205.1, 193.6, 581.6, 965.2, 1696.9, 4717.5, 5926.4, 16065.5, 24051.5, 10, 10, 10, 11, 12, 12, 13, 13, 17, 19, 25, 28, 34, -19, 53, 36, 42;
-1, 49, 4, 2, 96, 27, 112, 21, 96, 34, 22, 6, 21, 2, 3, 1, 2, 4, 1, 4, 1, 4, 2, 2, 3, 3, 1, 1, 0, 1, 4, 1, 4, 1, 3, 3, 2, 2, 4, 4, 1, 0, 16.2, 18.2, 49.2, 68.6, 146.8, 168.8, 479.6, 1026.7, 1381.8, 1965.9, 5179.3, 16989.9, 20435.0, 10, 10, 13, 13, 16, 18, 26, 27, 27, 37, 40, 49, 49, -14, 50, 63, 46;
-1, 46, 4, 4, 24, 88, 78, 15, 64, 10, 16, 20, 12, 6, 3, 2, 4, 1, 4, 3, 1, 4, 1, 2, 2, 3, 3, 1, 0, 4, 1, 2, 4, 1, 4, 3, 3, 2, 2, 4, 2, 0, 15.7, 35.9, 55.1, 79.2, 128.4, 217.3, 530.7, 879.8, 1192.9, 2413.7, 3905.0, 15187.6, 22726.7, 10, 11, 12, 12, 13, 13, 14, 16, 17, 18, 24, 32, 46, -31, 77, 71, 40;
-1, 43, 4, 4, 48, 64, 28, 36, 16, 4, 32, 20, 12, 1, 4, 3, 4, 2, 4, 2, 3, 4, 1, 4, 4, 3, 1, 4, 0, 3, 1, 3, 2, 1, 4, 1, 1, 2, 4, 1, 4, 0, 7.5, 34.8, 29.7, 135.4, 176.2, 240.0, 565.2, 726.9, 1038.2, 2706.4, 8497.0, 9105.1, 35793.0, 10, 12, 12, 13, 17, 17, 27, 29, 30, 33, 35, 35, 43, -9, 46, 52, 51;
-1, 25, 4, 2, 24, 64, 48, 88, 10, 80, 32, 2, 6, 2, 4, 2, 2, 1, 4, 4, 4, 1, 4, 2, 1, 3, 2, 1, 0, 4, 1, 1, 1, 4, 1, 3, 4, 2, 3, 4, 1, 0, 7.6, 28.6, 40.1, 68.3, 69.3, 184.8, 219.8, 596.7, 1609.5, 1520.7, 5572.0, 17025.8, 21326.8, 10, 11, 11, 11, 1, 6, 6, 7, 12, 12, 12, 25, 25, -72, 97, 53, 56;
-1, 49, 4, 1, 96, 32, 32, 26, 48, 10, 9, 10, 15, 6, 8, 2, 1, 4, 2, 4, 2, 4, 1, 3, 2, 3, 3, 4, 0, 1, 3, 1, 3, 1, 4, 2, 3, 2, 2, 1, 4, 0, 9.4, 49.9, 63.6, 109.3, 158.4, 277.3, 589.5, 764.7, 1303.7, 3272.5, 6238.2, 6272.8, 31784.4, 10, 10, 12, 12, 13, 15, 18, 22, 24, 30, 30, 32, 49, -21, 34, 70, 52;
1, 50, 4, 1, 96, 64, 76, 104, 32, 57, 32, 16, 18, 6, 8, 1, 1, 4, 4, 4, 4, 2, 3, 4, 2, 3, 2, 4, 0, 1, 1, 1, 1, 3, 2, 1, 3, 2, 3, 1, 4, 0, 9.4, 63.6, 44.2, 78.9, 153.9, 295.0, 541.8, 632.3, 1130.5, 2865.6, 6190.5, 8198.1, 34001.5, 10, 10, 10, 13, 16, 17, 19, 21, 28, 37, 44, 50, 50, 1, 49, 44, 45;
-1, 41, 4, 3, 96, 144, 84, 36, 34, 48, 8, 24, 24, 15, 4, 2, 3, 4, 4, 3, 3, 2, 3, 1, 3, 4, 3, 2, 0, 1, 1, 2, 2, 3, 2, 4, 2, 1, 2, 3, 3, 0, 7.9, 34.9, 39.2, 80.5, 139.2, 300.7, 512.9, 1228.1, 1501.5, 2476.7, 6557.7, 17120.2, 29857.0, 10, 11, 11, 12, 13, 14, 16, 19, 21, 23, 27, 33, 41, -17, 47, 58, 54;
-1, 50, 4, 4, 96, 48, 120, 45, 45, 36, 48, 7, 8, 15, 3, 1, 4, 4, 3, 4, 3, 3, 2, 4, 1, 4, 3, 3, 0, 1, 2, 1, 2, 2, 3, 1, 4, 1, 2, 2, 4, 0, 13.2, 28.4, 63.0, 89.8, 119.1, 199.5, 446.3, 439.7, 1916.5, 2287.7, 5300.1, 12053.4, 36145.0, 10, 10, 10, 0, 1, 7, 8, 18, 19, 26, 37, 50, 50, -25, 50, 58, 75;
-1, 32, 4, 3, 72, 48, 15, 60, 24, 9, 12, 6, 12, 2, 4, 1, 3, 3, 3, 1, 4, 3, 3, 2, 2, 2, 1, 4, 0, 2, 2, 4, 1, 2, 2, 3, 3, 3, 4, 1, 3, 0, 6.7, 54.5, 34.3, 105.5, 138.7, 283.8, 345.7, 797.2, 1961.9, 3783.3, 8879.0, 10919.4, 30134.7, 10, 11, 11, 13, 13, 13, 13, 15, 17, 23, 31, 31, 32, -30, 62, 48, 46;
-1, 36, 4, 3, 72, 66, 120, 32, 66, 18, 9, 24, 14, 5, 1, 1, 3, 3, 3, 4, 2, 3, 2, 1, 4, 2, 1, 1, 0, 2, 2, 1, 3, 2, 3, 4, 1, 3, 4, 4, 1, 0, 9.0, 38.6, 38.4, 98.3, 110.7, 289.4, 597.2, 707.9, 889.1, 3551.6, 7127.6, 16478.9, 21407.4, 10, 11, 2, 4, 7, 8, 9, 15, 17, 25, 34, 36, 36, -29, 65, 44, 52;
-1, 34, 4, 4, 72, 21, 48, 17, 12, 4, 21, 8, 18, 6, 3, 1, 4, 3, 1, 4, 1, 3, 2, 3, 1, 3, 2, 3, 0, 2, 4, 1, 4, 2, 3, 2, 4, 2, 3, 2, 3, 0, 15.3, 48.2, 67.5, 99.9, 188.1, 397.0, 477.5, 731.6, 1243.8, 2626.6, 6171.3, 11645.1, 30353.2, 10, 11, 12, 12, 17, 17, 26, 27, 30, 30, 32, 34, 34, -31, 64, 56, 65;
