#======================================================================================
# Kingdomino AI Experiment
#--------------------------------------------------------------------------------------
# 
# Player strategy:   MCE_EG_R
# Opponent strategy: FULL_GREEDY
# 
# Max search time: 2 (s)
# Max playouts: 0
# Runs: 200
# 
# System: Linux 3.20GHz
# Output file: kdom_exp-20170404-215341-rev-66b041f-cpu-3.20GHz/kdom_exp_MCE_EG_R_vs_FULL_GREEDY_T2_P0.m
# 
# Executing: 'java -jar out/kdom-exp.jar MCE_EG_R FULL_GREEDY kdom_exp-20170404-215341-rev-66b041f-cpu-3.20GHz/kdom_exp_MCE_EG_R_vs_FULL_GREEDY_T2_P0.m 2 0'
# Git Revision: 66b041f
#--------------------------------------------------------------------------------------

# win, score, num_players, available_moves(13), available_draft(13), chosen_draft_position(13), playouts_per_second(13), scores(13), score_diff, opponent_scores(3)
kdom_exp_MCE_EG_R_vs_FULL_GREEDY_T2_P0 = [
1, 63, 4, 2, 72, 48, 69, 108, 44, 24, 21, 21, 9, 8, 6, 1, 2, 3, 3, 3, 4, 4, 2, 3, 3, 3, 4, 3, 0, 2, 2, 2, 1, 1, 3, 2, 2, 2, 1, 2, 2, 0, 57.3, 81.9, 97.7, 140.8, 191.3, 384.8, 723.7, 1047.8, 1796.0, 3075.1, 4932.9, 9552.3, 24783.4, 10, 10, 11, 11, 12, 21, 24, 26, 30, 32, 36, 45, 63, 13, 45, 42, 50;
-1, 35, 4, 4, 72, 84, 57, 84, 24, 10, 48, 6, 48, 2, 4, 1, 4, 3, 4, 3, 4, 4, 1, 4, 1, 4, 1, 4, 0, 2, 1, 2, 1, 1, 4, 1, 4, 1, 4, 1, 4, 0, 53.9, 70.8, 83.0, 127.9, 170.0, 317.1, 551.1, 580.3, 1686.5, 2049.8, 8091.8, 9080.3, 37274.6, 10, 11, 12, 6, 8, 8, 12, 12, 21, 21, 30, 30, 35, -21, 48, 44, 56;
-1, 41, 4, 2, 96, 54, 22, 60, 18, 51, 16, 8, 5, 6, 2, 1, 2, 4, 3, 1, 3, 1, 3, 2, 4, 1, 2, 1, 0, 1, 2, 4, 2, 4, 2, 3, 1, 4, 3, 4, 3, 0, 58.4, 77.8, 81.3, 123.5, 177.8, 318.3, 651.5, 1247.5, 1428.8, 5351.8, 8924.7, 20762.2, 32329.3, 10, 10, 10, 12, 12, 16, 16, 16, 16, 28, 29, 33, 41, -39, 37, 80, 55;
-1, 49, 4, 3, 48, 48, 30, 18, 36, 8, 10, 32, 4, 6, 2, 1, 3, 2, 3, 2, 3, 2, 1, 2, 4, 2, 2, 2, 0, 3, 2, 3, 2, 3, 4, 3, 1, 3, 3, 3, 4, 0, 54.3, 78.6, 89.7, 130.9, 162.2, 347.4, 658.1, 1074.3, 1592.4, 2742.7, 8490.5, 16690.6, 36110.2, 10, 11, 11, 14, 14, 16, 22, 25, 25, 34, 38, 41, 49, -1, 41, 34, 50;
-1, 65, 4, 1, 96, 32, 32, 38, 10, 44, 12, 5, 14, 12, 4, 1, 1, 4, 2, 4, 2, 2, 4, 2, 1, 2, 3, 2, 0, 1, 3, 1, 3, 3, 1, 3, 4, 3, 2, 3, 4, 0, 54.8, 74.4, 125.9, 142.3, 210.6, 454.0, 588.2, 1278.8, 1546.8, 3260.1, 6907.3, 16234.0, 36598.6, 10, 10, 11, 11, 12, 18, 21, 27, 39, 42, 45, 49, 65, -1, 47, 66, 38;
-1, 49, 4, 3, 96, 27, 48, 36, 68, 12, 2, 14, 18, 4, 2, 2, 3, 4, 1, 2, 3, 4, 3, 1, 2, 3, 2, 2, 0, 1, 4, 3, 2, 1, 2, 4, 3, 2, 3, 3, 2, 0, 59.4, 67.8, 115.3, 191.1, 202.6, 342.0, 655.7, 1580.7, 2017.5, 2951.8, 8040.2, 16518.9, 27339.3, 10, 10, 12, 13, 17, 21, 21, 22, 28, 28, 29, 42, 49, -4, 52, 52, 53;
1, 64, 4, 2, 72, 88, 40, 34, 15, 20, 30, 18, 18, 18, 2, 1, 2, 3, 4, 2, 2, 1, 2, 3, 2, 3, 3, 1, 0, 2, 1, 3, 3, 4, 3, 2, 3, 2, 2, 4, 3, 0, 55.2, 71.5, 86.1, 137.1, 267.5, 436.9, 568.4, 821.2, 1595.9, 3093.7, 4711.8, 20066.7, 30041.9, 10, 11, 12, 14, 16, 18, 25, 28, 29, 39, 48, 53, 64, 8, 37, 55, 56;
-1, 46, 4, 2, 72, 84, 30, 40, 44, 6, 64, 9, 18, 8, 16, 2, 2, 3, 3, 2, 2, 2, 1, 4, 1, 3, 2, 4, 0, 2, 2, 3, 3, 3, 4, 1, 4, 2, 3, 1, 2, 0, 61.6, 81.0, 89.2, 155.6, 222.0, 343.3, 552.6, 702.4, 1513.0, 2338.9, 7140.8, 9285.2, 25061.1, 10, 10, 10, 12, 6, 10, 12, 14, 16, 16, 26, 30, 46, -39, 57, 46, 85;
-1, 56, 4, 2, 72, 16, 57, 22, 18, 33, 56, 27, 21, 6, 6, 2, 2, 3, 1, 3, 2, 2, 3, 4, 3, 3, 2, 2, 0, 2, 4, 2, 3, 3, 2, 1, 2, 2, 3, 3, 3, 0, 56.3, 68.6, 99.2, 129.9, 253.8, 378.6, 588.2, 868.0, 1513.0, 3996.0, 8123.8, 14426.4, 28389.0, 10, 11, 12, 12, 14, 16, 18, 20, 29, 32, 37, 40, 56, -9, 65, 62, 44;
-1, 49, 4, 3, 96, 44, 12, 28, 21, 32, 6, 20, 1, 24, 16, 1, 3, 4, 2, 1, 2, 3, 4, 1, 4, 1, 4, 4, 0, 1, 3, 4, 3, 2, 1, 4, 1, 4, 1, 1, 4, 0, 59.7, 76.0, 90.8, 141.0, 221.1, 330.2, 456.4, 1056.8, 1278.0, 2590.5, 3946.6, 11531.3, 35156.2, 10, 11, 12, 13, 14, 17, 19, 23, 24, 34, 35, 35, 49, -10, 57, 59, 43;
-1, 36, 4, 4, 72, 64, 15, 56, 24, 11, 24, 3, 24, 6, 1, 1, 4, 3, 4, 1, 4, 4, 1, 4, 1, 4, 2, 1, 0, 2, 1, 4, 1, 1, 4, 1, 4, 1, 3, 4, 1, 0, 52.0, 76.8, 74.0, 142.7, 172.0, 260.8, 697.8, 700.8, 2528.4, 2739.8, 7229.8, 19733.4, 22081.1, 10, 11, 11, 14, 14, 14, 20, 22, 25, 25, 35, 36, 36, -20, 56, 44, 45;
-1, 55, 4, 2, 96, 108, 42, 36, 48, 22, 8, 20, 6, 10, 6, 1, 2, 4, 3, 2, 2, 3, 2, 1, 4, 2, 2, 3, 0, 1, 2, 3, 3, 2, 3, 4, 1, 3, 3, 2, 4, 0, 57.7, 73.8, 87.0, 110.2, 181.0, 214.0, 432.1, 849.3, 1164.4, 2454.2, 6419.1, 10749.9, 36215.9, 10, 11, 11, 12, 12, 12, 19, 21, 24, 34, 39, 42, 55, -7, 62, 47, 54;
-1, 41, 4, 1, 48, 31, 72, 46, 32, 14, 42, 28, 8, 2, 6, 1, 1, 2, 1, 3, 2, 4, 2, 3, 4, 4, 2, 3, 0, 3, 4, 2, 3, 1, 3, 2, 1, 1, 3, 2, 2, 0, 56.1, 62.9, 75.5, 102.0, 198.9, 219.6, 667.3, 772.6, 1007.2, 2671.7, 6476.7, 13598.1, 25965.6, 10, 10, 11, 12, 13, 13, 15, 15, 18, 22, 26, 27, 41, -14, 51, 55, 43;
1, 53, 4, 4, 24, 64, 38, 64, 38, 15, 56, 4, 15, 1, 16, 1, 4, 1, 4, 2, 4, 2, 1, 4, 2, 3, 1, 4, 0, 4, 1, 3, 1, 3, 4, 1, 3, 2, 4, 1, 3, 0, 55.4, 76.6, 84.6, 128.6, 137.4, 379.0, 674.5, 732.4, 1702.7, 2667.4, 8685.3, 11273.9, 31625.9, 10, 12, 12, 15, 19, 20, 27, 30, 32, 37, 41, 43, 53, 1, 39, 52, 47;
-1, 62, 4, 1, 72, 54, 10, 72, 17, 30, 14, 12, 12, 3, 3, 1, 1, 3, 3, 1, 4, 1, 3, 2, 3, 3, 1, 1, 0, 2, 2, 4, 1, 4, 2, 3, 2, 2, 4, 4, 1, 0, 55.8, 72.4, 78.4, 138.9, 164.4, 424.1, 565.9, 1163.3, 2418.9, 3796.7, 7692.0, 20991.7, 22933.1, 10, 10, 10, 12, 12, 17, 19, 28, 39, 43, 56, 62, 62, -13, 75, 46, 37;
-1, 51, 4, 1, 72, 72, 38, 42, 14, 10, 6, 8, 10, 6, 6, 1, 1, 3, 4, 2, 3, 1, 2, 2, 1, 2, 3, 3, 0, 2, 1, 3, 2, 4, 3, 3, 4, 3, 2, 2, 4, 0, 64.9, 80.3, 76.5, 176.5, 225.4, 428.5, 668.9, 1150.7, 2017.0, 3668.4, 5113.9, 9681.8, 40851.8, 10, 11, 11, 12, 12, 14, 18, 19, 27, 29, 37, 41, 51, -15, 44, 40, 66;
-1, 54, 4, 1, 96, 54, 96, 56, 4, 69, 4, 24, 24, 8, 8, 2, 1, 4, 3, 4, 4, 4, 3, 1, 3, 4, 2, 4, 0, 1, 2, 1, 1, 1, 2, 4, 2, 1, 3, 1, 2, 0, 53.4, 67.8, 76.2, 107.5, 169.4, 185.1, 356.4, 807.5, 1322.9, 1934.5, 7621.8, 11015.9, 26096.5, 10, 10, 12, 12, 12, 12, 17, 23, 23, 31, 38, 45, 54, -5, 59, 58, 47;
-1, 51, 4, 1, 96, 16, 15, 84, 42, 4, 16, 6, 16, 15, 2, 2, 1, 4, 1, 1, 3, 3, 1, 4, 1, 4, 3, 1, 0, 1, 4, 4, 2, 2, 4, 1, 4, 1, 2, 4, 2, 0, 64.3, 74.8, 90.3, 139.5, 186.4, 233.4, 623.9, 633.0, 1709.2, 1970.4, 4946.2, 19718.4, 24767.4, 10, 10, 12, 13, 13, 17, 19, 21, 24, 25, 34, 42, 51, -20, 42, 71, 50;
1, 70, 4, 1, 72, 87, 24, 32, 12, 40, 24, 28, 14, 8, 8, 2, 1, 3, 3, 2, 2, 1, 4, 3, 4, 2, 2, 4, 0, 2, 2, 3, 3, 4, 1, 2, 1, 3, 3, 1, 2, 0, 54.8, 67.6, 99.3, 137.0, 252.3, 459.3, 543.9, 852.5, 1237.8, 3495.2, 5714.0, 8504.1, 23885.9, 10, 10, 12, 12, 16, 19, 23, 32, 34, 45, 49, 57, 70, 12, 57, 58, 51;
1, 67, 4, 1, 96, 104, 28, 78, 72, 26, 14, 30, 10, 9, 6, 1, 1, 4, 4, 2, 3, 4, 2, 1, 3, 2, 3, 3, 0, 1, 1, 3, 2, 1, 3, 4, 2, 3, 2, 2, 3, 0, 57.3, 80.5, 95.4, 130.1, 188.0, 233.3, 536.3, 1083.0, 1848.8, 3625.3, 5964.9, 13690.5, 32179.6, 10, 10, 10, 12, 12, 16, 21, 31, 31, 38, 47, 53, 67, 12, 55, 54, 41;
-1, 42, 4, 4, 24, 64, 17, 56, 26, 12, 24, 24, 5, 24, 2, 2, 4, 1, 4, 1, 4, 2, 3, 3, 4, 1, 4, 2, 0, 4, 1, 4, 1, 3, 2, 2, 1, 4, 1, 3, 2, 0, 55.6, 76.4, 87.1, 149.3, 179.2, 387.4, 541.8, 792.8, 1014.2, 3115.5, 3532.6, 15862.0, 23592.8, 10, 12, 12, 14, 15, 19, 21, 25, 27, 34, 34, 35, 42, -12, 54, 48, 49;
-1, 50, 4, 1, 96, 18, 16, 60, 11, 45, 36, 24, 5, 8, 2, 1, 1, 4, 1, 1, 3, 1, 3, 4, 4, 1, 4, 1, 0, 1, 4, 4, 2, 4, 2, 1, 1, 4, 1, 4, 1, 0, 55.5, 75.5, 104.1, 138.2, 196.4, 266.8, 450.0, 543.9, 1053.7, 4130.0, 4609.2, 20739.7, 23096.4, 10, 10, 12, 12, 12, 13, 17, 20, 22, 33, 35, 50, 50, -13, 49, 63, 44;
-1, 71, 4, 1, 96, 44, 57, 64, 40, 24, 24, 15, 4, 8, 4, 1, 1, 4, 2, 3, 4, 4, 2, 4, 3, 1, 4, 2, 0, 1, 3, 2, 1, 1, 3, 1, 2, 4, 1, 3, 4, 0, 59.9, 74.0, 85.7, 132.1, 194.7, 332.3, 768.8, 907.3, 1455.7, 3391.8, 3552.5, 13594.8, 35835.2, 10, 10, 11, 12, 14, 14, 20, 20, 27, 39, 41, 60, 71, -3, 38, 42, 74;
