#======================================================================================
# Kingdomino AI Experiment
#--------------------------------------------------------------------------------------
# 
# Player strategy:   MCE_EG_R
# Opponent strategy: FULL_GREEDY
# 
# Max search time: 0.3 (s)
# Max playouts: 0
# Runs: 200
# 
# System: Linux 3.20GHz
# Output file: kdom_exp-20170404-215341-rev-66b041f-cpu-3.20GHz/kdom_exp_MCE_EG_R_vs_FULL_GREEDY_T0.3_P0.m
# 
# Executing: 'java -jar out/kdom-exp.jar MCE_EG_R FULL_GREEDY kdom_exp-20170404-215341-rev-66b041f-cpu-3.20GHz/kdom_exp_MCE_EG_R_vs_FULL_GREEDY_T0.3_P0.m 0.3 0'
# Git Revision: 66b041f
#--------------------------------------------------------------------------------------

# win, score, num_players, available_moves(13), available_draft(13), chosen_draft_position(13), playouts_per_second(13), scores(13), score_diff, opponent_scores(3)
kdom_exp_MCE_EG_R_vs_FULL_GREEDY_T0_3_P0 = [
1, 64, 4, 4, 24, 108, 56, 112, 17, 64, 26, 24, 24, 16, 12, 1, 4, 1, 4, 2, 4, 1, 4, 2, 4, 4, 4, 3, 0, 4, 1, 3, 1, 4, 1, 3, 1, 1, 1, 2, 2, 0, 28.0, 46.5, 84.0, 114.5, 175.1, 389.0, 420.5, 1006.3, 1119.1, 2113.3, 4729.1, 13385.6, 26798.2, 10, 12, 12, 13, 13, 14, 14, 15, 17, 28, 40, 47, 64, 7, 57, 54, 37;
-1, 40, 4, 1, 48, 81, 48, 56, 44, 56, 56, 3, 16, 4, 2, 1, 1, 2, 3, 4, 4, 4, 4, 4, 1, 4, 4, 2, 0, 3, 2, 1, 1, 1, 1, 1, 4, 1, 1, 3, 2, 0, 33.2, 56.0, 82.6, 153.6, 147.4, 203.3, 367.5, 806.1, 1803.0, 2263.0, 4073.2, 15778.1, 25795.6, 10, 10, 11, 11, 13, 15, 15, 17, 26, 26, 34, 40, 40, -25, 65, 57, 50;
-1, 43, 4, 4, 24, 104, 78, 28, 6, 36, 32, 5, 12, 1, 3, 3, 4, 1, 4, 3, 1, 1, 2, 4, 1, 3, 1, 3, 0, 4, 1, 2, 4, 4, 3, 1, 4, 2, 4, 2, 2, 0, 26.4, 62.8, 65.7, 127.9, 252.3, 381.8, 720.3, 715.4, 2591.0, 3715.8, 8292.0, 11716.9, 25845.4, 10, 11, 11, 12, 17, 18, 19, 21, 24, 25, 37, 37, 43, -16, 27, 42, 59;
-1, 51, 4, 2, 96, 27, 40, 48, 16, 20, 5, 4, 24, 3, 6, 1, 2, 4, 1, 4, 3, 4, 2, 1, 2, 4, 3, 3, 0, 1, 4, 1, 2, 1, 3, 4, 3, 1, 2, 2, 2, 0, 23.1, 56.4, 78.6, 93.9, 216.0, 328.5, 699.4, 1174.6, 1744.8, 2023.1, 6984.4, 14059.3, 25993.7, 10, 10, 12, 12, 16, 16, 21, 24, 27, 27, 38, 43, 51, -9, 49, 60, 33;
-1, 47, 4, 1, 96, 72, 44, 10, 12, 24, 27, 10, 32, 16, 6, 1, 1, 4, 4, 2, 1, 2, 2, 3, 2, 4, 4, 2, 0, 1, 1, 3, 4, 3, 3, 2, 3, 1, 1, 3, 3, 0, 16.0, 52.0, 69.4, 148.8, 252.4, 419.7, 733.4, 1333.1, 2275.4, 3279.0, 5820.5, 16839.6, 30420.4, 10, 10, 10, 11, 12, 13, 16, 19, 22, 22, 28, 36, 47, -6, 39, 49, 53;
1, 57, 4, 4, 24, 64, 24, 11, 42, 6, 9, 5, 10, 12, 6, 2, 4, 1, 4, 3, 1, 3, 1, 1, 1, 2, 3, 3, 0, 4, 1, 2, 4, 2, 4, 4, 4, 3, 2, 2, 1, 0, 25.9, 56.4, 68.5, 128.1, 211.9, 272.7, 724.3, 1132.5, 2059.9, 3610.9, 5922.9, 10732.6, 22705.8, 10, 12, 12, 12, 16, 16, 19, 21, 25, 35, 43, 51, 57, 5, 45, 44, 52;
-1, 53, 4, 3, 48, 54, 63, 48, 28, 30, 36, 36, 18, 9, 4, 1, 3, 2, 3, 3, 3, 2, 3, 3, 4, 3, 3, 2, 0, 3, 2, 2, 2, 3, 2, 2, 1, 2, 2, 3, 3, 0, 27.9, 21.1, 76.4, 96.3, 164.3, 328.7, 466.2, 646.6, 864.9, 2158.3, 5642.3, 15282.8, 31565.6, 10, 11, 11, 12, 15, 16, 18, 20, 27, 33, 36, 38, 53, -3, 52, 56, 46;
-1, 32, 4, 3, 48, 144, 24, 60, 21, 52, 24, 9, 16, 6, 8, 1, 3, 2, 4, 2, 3, 1, 4, 3, 1, 4, 2, 4, 0, 3, 1, 3, 2, 4, 1, 2, 4, 1, 3, 1, 1, 0, 29.4, 53.2, 78.2, 108.7, 133.1, 269.6, 377.3, 645.0, 2474.8, 2856.7, 8354.6, 11769.5, 23225.1, 10, 11, 11, 12, 13, 15, 15, 17, 22, 24, 30, 32, 32, -42, 63, 53, 74;
-1, 28, 4, 1, 96, 26, 57, 56, 60, 30, 4, 44, 12, 3, 12, 2, 1, 4, 1, 3, 4, 3, 2, 4, 4, 3, 1, 3, 0, 1, 4, 2, 1, 2, 3, 1, 1, 2, 4, 2, 1, 0, 37.4, 42.9, 56.4, 132.2, 180.7, 253.2, 495.6, 476.9, 779.2, 2182.2, 6289.3, 10478.0, 18534.9, 10, 10, 11, 11, 11, 14, 17, 17, 20, 21, 24, 26, 28, -38, 45, 54, 66;
-1, 50, 4, 2, 72, 36, 18, 60, 51, 12, 12, 12, 32, 6, 6, 1, 2, 3, 2, 1, 3, 3, 3, 3, 2, 4, 3, 3, 0, 2, 3, 4, 2, 2, 2, 2, 3, 1, 2, 2, 4, 0, 22.1, 45.2, 74.8, 104.2, 181.7, 267.1, 515.7, 799.5, 2085.6, 2443.3, 6622.2, 11149.2, 34525.2, 10, 10, 11, 13, 13, 14, 14, 17, 23, 25, 27, 31, 50, -17, 42, 33, 67;
1, 73, 4, 1, 72, 66, 46, 88, 15, 12, 6, 9, 12, 16, 3, 1, 1, 3, 3, 2, 4, 1, 3, 1, 3, 2, 4, 3, 0, 2, 2, 3, 1, 4, 2, 4, 2, 3, 1, 2, 4, 0, 41.6, 46.4, 79.5, 112.5, 141.6, 353.1, 569.8, 915.4, 1215.5, 3253.4, 4393.9, 8123.5, 38263.3, 10, 10, 11, 13, 15, 21, 21, 28, 30, 31, 46, 60, 73, 2, 60, 71, 63;
-1, 33, 4, 1, 24, 88, 48, 17, 30, 4, 14, 4, 10, 16, 3, 1, 1, 1, 4, 4, 1, 3, 4, 2, 2, 2, 4, 3, 0, 4, 1, 1, 4, 2, 1, 3, 3, 3, 1, 2, 4, 0, 26.5, 45.4, 79.1, 97.8, 168.7, 140.0, 406.8, 830.6, 1496.4, 3258.0, 4038.1, 13497.0, 34863.0, 10, 10, 10, 10, 11, 12, 12, 14, 15, 17, 17, 28, 33, -23, 49, 47, 56;
-1, 46, 4, 4, 24, 64, 60, 24, 22, 54, 12, 8, 6, 15, 6, 1, 4, 1, 4, 4, 2, 1, 3, 3, 2, 3, 3, 2, 0, 4, 1, 1, 3, 4, 2, 2, 3, 2, 2, 3, 3, 0, 42.4, 54.9, 57.5, 96.2, 162.0, 398.8, 692.2, 1013.0, 2692.5, 3004.2, 5464.1, 16461.6, 31690.8, 10, 11, 11, 12, 14, 19, 23, 23, 24, 26, 35, 46, 46, -8, 54, 48, 49;
-1, 36, 4, 4, 48, 63, 14, 104, 120, 24, 51, 9, 1, 8, 6, 1, 4, 2, 3, 1, 4, 4, 3, 3, 3, 1, 2, 3, 0, 3, 2, 4, 1, 1, 2, 2, 2, 4, 3, 2, 1, 0, 26.7, 43.8, 60.5, 130.2, 174.1, 138.2, 426.3, 754.3, 1402.3, 4651.3, 6506.1, 13248.7, 23826.6, 10, 12, 13, 16, 6, 6, 9, 12, 25, 29, 29, 36, 36, -36, 72, 71, 35;
-1, 53, 4, 1, 96, 72, 88, 20, 40, 15, 21, 16, 4, 9, 8, 1, 1, 4, 4, 4, 2, 4, 1, 3, 4, 1, 3, 2, 0, 1, 1, 1, 3, 1, 4, 2, 1, 4, 2, 3, 2, 0, 28.2, 64.3, 60.0, 121.9, 211.2, 247.6, 611.7, 946.2, 1211.5, 3796.3, 5158.7, 16311.8, 27546.1, 10, 10, 10, 10, 12, 14, 18, 19, 23, 35, 38, 44, 53, -8, 46, 61, 58;
-1, 51, 4, 1, 96, 64, 42, 32, 13, 40, 7, 12, 10, 16, 1, 1, 1, 4, 4, 2, 2, 1, 4, 1, 3, 2, 4, 1, 0, 1, 1, 3, 3, 4, 1, 4, 2, 3, 1, 4, 3, 0, 26.2, 57.9, 75.8, 138.2, 226.4, 365.5, 402.0, 1334.2, 1676.4, 4172.6, 5327.8, 19601.6, 31539.3, 10, 10, 10, 11, 15, 20, 16, 17, 23, 27, 30, 51, 51, -38, 46, 42, 89;
-1, 51, 4, 3, 96, 44, 24, 64, 6, 72, 20, 12, 2, 6, 3, 2, 3, 4, 2, 1, 4, 3, 4, 2, 3, 2, 3, 1, 0, 1, 3, 4, 1, 2, 1, 3, 2, 3, 2, 4, 1, 0, 47.6, 48.1, 79.9, 151.5, 182.3, 349.3, 516.4, 1389.2, 2162.1, 3075.2, 4419.1, 17965.3, 20446.2, 10, 11, 14, 15, 15, 15, 15, 32, 34, 35, 38, 43, 51, -5, 46, 36, 56;
-1, 65, 4, 3, 96, 36, 54, 24, 19, 18, 30, 5, 32, 3, 16, 1, 3, 4, 2, 2, 3, 1, 3, 3, 1, 4, 1, 4, 0, 1, 3, 3, 2, 4, 2, 2, 4, 1, 4, 1, 4, 0, 28.8, 45.6, 86.6, 126.4, 179.7, 365.9, 474.6, 825.4, 1555.7, 1712.0, 7783.9, 9941.3, 37158.8, 10, 10, 11, 14, 15, 24, 26, 28, 37, 37, 53, 55, 65, -1, 52, 65, 66;
-1, 49, 4, 2, 96, 160, 18, 64, 96, 33, 8, 16, 3, 8, 6, 1, 2, 4, 4, 1, 4, 4, 3, 1, 4, 1, 4, 3, 0, 1, 1, 4, 1, 1, 2, 4, 1, 4, 1, 2, 4, 0, 25.4, 52.7, 57.0, 117.2, 145.8, 232.5, 614.6, 1237.4, 1381.3, 5005.2, 5839.3, 15067.5, 41111.8, 10, 10, 10, 11, 13, 13, 17, 24, 28, 35, 36, 42, 49, -22, 47, 71, 57;
-1, 34, 4, 2, 72, 64, 52, 39, 20, 7, 24, 3, 6, 16, 1, 2, 2, 3, 4, 4, 3, 2, 1, 4, 3, 2, 4, 1, 0, 2, 1, 1, 2, 3, 4, 1, 2, 3, 1, 4, 2, 0, 29.2, 52.8, 64.0, 125.9, 201.2, 374.1, 687.1, 810.3, 1745.3, 4398.3, 6261.6, 16741.1, 22564.1, 10, 11, 11, 11, 13, 6, 11, 13, 13, 21, 27, 31, 34, -21, 54, 37, 55;
1, 52, 4, 3, 72, 58, 40, 48, 30, 48, 56, 48, 12, 8, 3, 1, 3, 3, 2, 4, 4, 2, 3, 4, 4, 3, 2, 3, 0, 2, 3, 1, 1, 3, 2, 1, 1, 2, 3, 2, 3, 0, 39.2, 65.1, 106.3, 147.0, 207.6, 394.6, 542.4, 841.5, 1248.8, 2591.4, 8368.8, 12856.6, 29912.0, 10, 11, 12, 12, 15, 18, 20, 24, 24, 25, 46, 52, 52, 4, 48, 40, 47;
-1, 65, 4, 3, 48, 27, 54, 69, 20, 60, 64, 56, 28, 20, 12, 2, 3, 2, 1, 3, 3, 1, 4, 4, 4, 4, 4, 3, 0, 3, 4, 2, 2, 4, 1, 1, 1, 1, 1, 2, 3, 0, 38.1, 43.4, 90.0, 107.7, 209.0, 289.9, 439.0, 651.7, 1068.6, 2095.9, 4363.0, 12944.6, 32090.7, 10, 11, 12, 12, 15, 24, 24, 24, 24, 32, 42, 48, 65, -14, 63, 79, 46;
-1, 47, 4, 2, 96, 32, 42, 16, 16, 48, 18, 7, 15, 8, 6, 1, 2, 4, 2, 3, 1, 4, 4, 2, 1, 3, 2, 3, 0, 1, 3, 2, 4, 1, 1, 3, 4, 2, 3, 2, 1, 0, 34.4, 66.0, 82.8, 96.8, 206.1, 199.5, 413.0, 1067.6, 2289.6, 4179.1, 7944.2, 12345.5, 21884.8, 10, 10, 10, 11, 13, 15, 15, 20, 25, 32, 36, 40, 47, -10, 34, 45, 57;
