#======================================================================================
# Kingdomino AI Experiment
#--------------------------------------------------------------------------------------
# 
# Player strategy:   FULL_GREEDY
# Opponent strategy: FULL_GREEDY
# 
# Runs: 350
# Output file: kdom_exp-20170324-090103-rev-5ce3900/kdom_exp_FULL_GREEDY_vs_FULL_GREEDY.m
# 
# Executing: 'java -jar out/kdom-exp.jar FULL_GREEDY FULL_GREEDY kdom_exp-20170324-090103-rev-5ce3900/kdom_exp_FULL_GREEDY_vs_FULL_GREEDY.m'
# Git Revision: 5ce3900
#--------------------------------------------------------------------------------------

# win, score, num_players, available_moves(13), available_draft(13), chosen_draft_position(13), playouts_per_second(13), scores(13)
kdom_exp_FULL_GREEDY_vs_FULL_GREEDY = [
-1, 56, 4, 4, 24, 84, 46, 48, 80, 34, 20, 30, 8, 10, 9, 2, 4, 1, 4, 2, 3, 4, 2, 1, 3, 2, 2, 3, 0, 4, 1, 3, 2, 1, 3, 4, 2, 3, 3, 2, 1, 0, 0.0, 0.0, 0.0, 0.0, 0.0, 0.0, 0.0, 0.0, 0.0, 0.0, 0.0, 0.0, 0.0, 10, 11, 11, 16, 18, 22, 31, 36, 36, 38, 41, 45, 56;
1, 60, 4, 2, 48, 54, 60, 40, 112, 24, 48, 30, 18, 8, 16, 1, 2, 2, 3, 3, 2, 4, 1, 4, 3, 3, 2, 4, 0, 3, 2, 2, 3, 1, 4, 1, 2, 2, 3, 1, 3, 0, 0.0, 0.0, 0.0, 0.0, 0.0, 0.0, 0.0, 0.0, 0.0, 0.0, 0.0, 0.0, 0.0, 10, 11, 11, 13, 15, 17, 24, 25, 29, 33, 44, 46, 60;
-1, 47, 4, 4, 72, 112, 14, 30, 15, 48, 28, 24, 12, 10, 2, 1, 4, 3, 4, 1, 2, 1, 3, 2, 4, 2, 2, 1, 0, 2, 1, 4, 3, 4, 2, 3, 1, 3, 3, 4, 1, 0, 0.0, 0.0, 0.0, 0.0, 0.0, 0.0, 0.0, 0.0, 0.0, 0.0, 0.0, 0.0, 0.0, 10, 11, 13, 15, 17, 23, 24, 26, 28, 36, 39, 47, 47;
0, 58, 4, 3, 48, 104, 112, 24, 40, 28, 60, 9, 12, 9, 1, 1, 3, 2, 4, 4, 1, 4, 2, 4, 1, 3, 3, 1, 0, 3, 1, 1, 4, 1, 3, 1, 4, 2, 2, 4, 4, 0, 0.0, 0.0, 0.0, 0.0, 0.0, 0.0, 0.0, 0.0, 0.0, 0.0, 0.0, 0.0, 0.0, 10, 12, 12, 16, 26, 26, 30, 34, 38, 46, 52, 58, 58;
-1, 61, 4, 3, 48, 63, 38, 60, 52, 84, 22, 30, 18, 2, 8, 2, 3, 2, 3, 2, 3, 2, 3, 1, 3, 3, 1, 4, 0, 3, 2, 3, 2, 3, 2, 4, 2, 2, 4, 1, 2, 0, 0.0, 0.0, 0.0, 0.0, 0.0, 0.0, 0.0, 0.0, 0.0, 0.0, 0.0, 0.0, 0.0, 10, 12, 14, 16, 18, 19, 26, 34, 38, 44, 46, 49, 61;
-1, 57, 4, 2, 72, 54, 38, 90, 66, 112, 12, 18, 15, 3, 2, 1, 2, 3, 2, 2, 3, 2, 4, 1, 3, 3, 3, 2, 0, 2, 3, 3, 2, 3, 1, 4, 2, 2, 2, 3, 2, 0, 0.0, 0.0, 0.0, 0.0, 0.0, 0.0, 0.0, 0.0, 0.0, 0.0, 0.0, 0.0, 0.0, 10, 10, 12, 13, 14, 19, 23, 28, 28, 29, 48, 50, 57;
-1, 38, 4, 1, 96, 81, 12, 96, 8, 24, 18, 36, 21, 6, 8, 1, 1, 4, 3, 1, 4, 1, 3, 1, 4, 3, 2, 2, 0, 1, 2, 4, 1, 4, 2, 4, 1, 2, 3, 3, 3, 0, 0.0, 0.0, 0.0, 0.0, 0.0, 0.0, 0.0, 0.0, 0.0, 0.0, 0.0, 0.0, 0.0, 10, 10, 13, 15, 17, 19, 21, 28, 30, 40, 32, 38, 38;
-1, 54, 4, 1, 96, 32, 80, 4, 21, 52, 14, 24, 5, 8, 2, 2, 1, 4, 2, 4, 1, 3, 4, 1, 3, 1, 4, 2, 0, 1, 3, 1, 4, 2, 1, 4, 2, 4, 1, 3, 2, 0, 0.0, 0.0, 0.0, 0.0, 0.0, 0.0, 0.0, 0.0, 0.0, 0.0, 0.0, 0.0, 0.0, 10, 10, 11, 13, 15, 19, 22, 34, 34, 39, 43, 45, 54;
-1, 52, 4, 1, 96, 22, 48, 22, 24, 16, 16, 9, 30, 4, 16, 2, 1, 4, 1, 4, 1, 4, 1, 4, 1, 3, 2, 4, 0, 1, 4, 1, 4, 1, 4, 1, 4, 2, 3, 1, 4, 0, 0.0, 0.0, 0.0, 0.0, 0.0, 0.0, 0.0, 0.0, 0.0, 0.0, 0.0, 0.0, 0.0, 10, 10, 11, 11, 15, 15, 22, 22, 25, 31, 38, 40, 52;
-1, 45, 4, 1, 96, 31, 48, 9, 64, 15, 28, 12, 2, 6, 4, 2, 1, 4, 1, 4, 1, 4, 1, 2, 3, 1, 3, 2, 0, 1, 4, 1, 4, 1, 4, 3, 2, 4, 2, 3, 2, 0, 0.0, 0.0, 0.0, 0.0, 0.0, 0.0, 0.0, 0.0, 0.0, 0.0, 0.0, 0.0, 0.0, 10, 10, 12, 12, 18, 19, 23, 23, 25, 30, 32, 35, 45;
-1, 61, 4, 2, 24, 64, 39, 36, 57, 19, 48, 22, 18, 24, 6, 1, 2, 1, 4, 3, 2, 3, 1, 4, 2, 3, 4, 3, 0, 4, 1, 2, 3, 2, 4, 1, 3, 2, 1, 2, 3, 0, 0.0, 0.0, 0.0, 0.0, 0.0, 0.0, 0.0, 0.0, 0.0, 0.0, 0.0, 0.0, 0.0, 10, 10, 10, 12, 16, 19, 25, 27, 34, 43, 49, 55, 61;
-1, 51, 4, 1, 72, 66, 60, 21, 30, 42, 56, 40, 24, 32, 6, 2, 1, 3, 3, 3, 1, 2, 2, 4, 4, 2, 4, 3, 0, 2, 2, 2, 4, 3, 3, 1, 1, 3, 1, 2, 3, 0, 0.0, 0.0, 0.0, 0.0, 0.0, 0.0, 0.0, 0.0, 0.0, 0.0, 0.0, 0.0, 0.0, 10, 11, 13, 15, 19, 19, 24, 28, 30, 40, 44, 44, 51;
-1, 60, 4, 1, 72, 32, 42, 87, 40, 48, 13, 20, 12, 32, 4, 1, 1, 3, 2, 2, 3, 4, 3, 1, 2, 2, 4, 2, 0, 2, 3, 3, 2, 1, 2, 4, 3, 3, 1, 3, 4, 0, 0.0, 0.0, 0.0, 0.0, 0.0, 0.0, 0.0, 0.0, 0.0, 0.0, 0.0, 0.0, 0.0, 10, 10, 11, 12, 12, 14, 18, 22, 34, 35, 37, 38, 60;
-1, 50, 4, 1, 96, 81, 108, 96, 120, 25, 60, 10, 56, 14, 12, 2, 1, 4, 3, 3, 3, 4, 1, 3, 1, 4, 2, 4, 0, 1, 2, 2, 2, 1, 4, 2, 4, 1, 3, 1, 3, 0, 0.0, 0.0, 0.0, 0.0, 0.0, 0.0, 0.0, 0.0, 0.0, 0.0, 0.0, 0.0, 0.0, 10, 10, 13, 15, 16, 26, 30, 32, 33, 37, 38, 44, 50;
1, 54, 4, 4, 48, 54, 66, 40, 63, 84, 16, 40, 40, 4, 9, 1, 4, 2, 3, 3, 2, 3, 3, 2, 2, 4, 1, 3, 0, 3, 2, 2, 3, 2, 2, 3, 3, 1, 4, 2, 4, 0, 0.0, 0.0, 0.0, 0.0, 0.0, 0.0, 0.0, 0.0, 0.0, 0.0, 0.0, 0.0, 0.0, 10, 11, 12, 16, 20, 26, 30, 31, 34, 37, 40, 47, 54;
-1, 41, 4, 2, 96, 54, 16, 84, 60, 36, 7, 6, 4, 4, 4, 1, 2, 4, 2, 1, 4, 3, 2, 1, 3, 1, 4, 2, 0, 1, 3, 4, 1, 2, 3, 4, 2, 4, 1, 3, 1, 0, 0.0, 0.0, 0.0, 0.0, 0.0, 0.0, 0.0, 0.0, 0.0, 0.0, 0.0, 0.0, 0.0, 10, 10, 13, 14, 15, 21, 25, 26, 26, 32, 32, 41, 41;
-1, 46, 4, 3, 48, 42, 32, 18, 56, 9, 36, 18, 40, 4, 4, 2, 3, 2, 2, 2, 1, 4, 1, 4, 2, 4, 1, 4, 0, 3, 3, 3, 4, 1, 4, 1, 3, 1, 4, 1, 4, 0, 0.0, 0.0, 0.0, 0.0, 0.0, 0.0, 0.0, 0.0, 0.0, 0.0, 0.0, 0.0, 0.0, 10, 11, 13, 13, 19, 21, 30, 34, 38, 39, 45, 45, 46;
1, 68, 4, 3, 96, 54, 100, 112, 42, 96, 32, 24, 2, 4, 18, 3, 3, 4, 2, 4, 4, 2, 4, 4, 3, 1, 4, 3, 0, 1, 3, 1, 1, 3, 1, 1, 2, 4, 1, 2, 4, 0, 0.0, 0.0, 0.0, 0.0, 0.0, 0.0, 0.0, 0.0, 0.0, 0.0, 0.0, 0.0, 0.0, 10, 10, 13, 14, 16, 25, 29, 31, 44, 47, 47, 53, 68;
-1, 57, 4, 3, 72, 58, 36, 48, 96, 30, 40, 16, 21, 8, 9, 1, 3, 3, 2, 2, 4, 4, 2, 4, 2, 3, 4, 3, 0, 2, 3, 3, 1, 1, 3, 1, 3, 2, 1, 2, 2, 0, 0.0, 0.0, 0.0, 0.0, 0.0, 0.0, 0.0, 0.0, 0.0, 0.0, 0.0, 0.0, 0.0, 10, 11, 14, 14, 14, 18, 21, 23, 32, 34, 38, 48, 57;
-1, 71, 4, 1, 96, 87, 72, 36, 16, 45, 30, 32, 15, 2, 6, 1, 1, 4, 3, 4, 2, 1, 3, 3, 4, 3, 1, 3, 0, 1, 2, 1, 3, 4, 2, 2, 1, 2, 4, 2, 4, 0, 0.0, 0.0, 0.0, 0.0, 0.0, 0.0, 0.0, 0.0, 0.0, 0.0, 0.0, 0.0, 0.0, 10, 10, 11, 16, 19, 26, 29, 39, 47, 52, 59, 60, 71;
-1, 63, 4, 1, 72, 36, 42, 32, 72, 17, 30, 9, 5, 4, 6, 1, 1, 3, 2, 2, 2, 4, 1, 3, 1, 1, 1, 3, 0, 2, 3, 3, 3, 1, 4, 2, 4, 4, 4, 2, 4, 0, 0.0, 0.0, 0.0, 0.0, 0.0, 0.0, 0.0, 0.0, 0.0, 0.0, 0.0, 0.0, 0.0, 10, 10, 12, 14, 15, 17, 19, 21, 27, 40, 51, 51, 63;
-1, 53, 4, 1, 48, 84, 48, 28, 36, 13, 32, 6, 4, 4, 2, 1, 1, 2, 4, 2, 2, 3, 1, 4, 1, 1, 2, 1, 0, 3, 1, 3, 3, 2, 4, 1, 4, 4, 3, 4, 1, 0, 0.0, 0.0, 0.0, 0.0, 0.0, 0.0, 0.0, 0.0, 0.0, 0.0, 0.0, 0.0, 0.0, 10, 11, 13, 18, 19, 25, 28, 32, 45, 49, 51, 53, 53;
1, 63, 4, 2, 72, 62, 27, 84, 25, 60, 51, 39, 9, 16, 10, 2, 2, 3, 2, 1, 3, 1, 3, 3, 3, 1, 4, 2, 0, 2, 3, 4, 2, 4, 2, 2, 2, 4, 1, 3, 1, 0, 0.0, 0.0, 0.0, 0.0, 0.0, 0.0, 0.0, 0.0, 0.0, 0.0, 0.0, 0.0, 0.0, 10, 10, 13, 15, 16, 21, 23, 40, 43, 48, 48, 54, 63;
-1, 38, 4, 4, 24, 48, 18, 40, 15, 36, 24, 16, 7, 15, 6, 1, 4, 1, 3, 1, 4, 1, 3, 2, 2, 1, 3, 3, 0, 4, 2, 4, 1, 4, 2, 3, 3, 4, 2, 2, 1, 0, 0.0, 0.0, 0.0, 0.0, 0.0, 0.0, 0.0, 0.0, 0.0, 0.0, 0.0, 0.0, 0.0, 10, 12, 12, 16, 16, 22, 24, 25, 29, 36, 36, 38, 38;
-1, 47, 4, 4, 72, 81, 36, 56, 54, 36, 8, 16, 24, 6, 4, 1, 4, 3, 3, 2, 2, 2, 3, 2, 4, 4, 3, 1, 0, 2, 2, 3, 3, 3, 2, 3, 1, 1, 2, 4, 1, 0, 0.0, 0.0, 0.0, 0.0, 0.0, 0.0, 0.0, 0.0, 0.0, 0.0, 0.0, 0.0, 0.0, 10, 11, 14, 16, 18, 19, 24, 28, 28, 32, 36, 41, 47;
-1, 45, 4, 1, 96, 81, 160, 4, 78, 2, 57, 33, 6, 18, 4, 1, 1, 4, 3, 4, 1, 3, 1, 3, 3, 2, 3, 2, 0, 1, 2, 1, 4, 2, 4, 2, 2, 3, 2, 3, 4, 0, 0.0, 0.0, 0.0, 0.0, 0.0, 0.0, 0.0, 0.0, 0.0, 0.0, 0.0, 0.0, 0.0, 10, 10, 11, 15, 18, 19, 26, 34, 37, 39, 43, 45, 45;
-1, 36, 4, 4, 24, 64, 10, 56, 10, 40, 9, 8, 8, 3, 3, 1, 4, 1, 4, 1, 4, 1, 4, 1, 4, 4, 1, 3, 0, 4, 1, 4, 1, 4, 1, 4, 1, 1, 4, 2, 1, 0, 0.0, 0.0, 0.0, 0.0, 0.0, 0.0, 0.0, 0.0, 0.0, 0.0, 0.0, 0.0, 0.0, 10, 12, 12, 13, 15, 21, 21, 27, 27, 29, 35, 36, 36;
-1, 30, 4, 2, 72, 32, 42, 11, 88, 10, 32, 32, 18, 4, 1, 1, 2, 3, 2, 3, 1, 4, 1, 4, 2, 3, 2, 1, 0, 2, 3, 2, 4, 1, 4, 1, 3, 2, 3, 4, 1, 0, 0.0, 0.0, 0.0, 0.0, 0.0, 0.0, 0.0, 0.0, 0.0, 0.0, 0.0, 0.0, 0.0, 10, 10, 11, 11, 13, 13, 20, 20, 25, 26, 28, 30, 30;
