#======================================================================================
# Kingdomino AI Experiment
#--------------------------------------------------------------------------------------
# 
# Player strategy:   MCE_PG_R
# Opponent strategy: FULL_GREEDY
# 
# Max search time: 10 (s)
# Max playouts: 0
# Runs: 200
# 
# System: Linux 3.20GHz
# Output file: kdom_exp-20170410-131854-rev-13d6a7c-cpu-3.20GHz/kdom_exp_MCE_PG_R_vs_FULL_GREEDY_T10_P0.m
# 
# Executing: 'java -jar out/kdom-exp.jar MCE_PG_R FULL_GREEDY kdom_exp-20170410-131854-rev-13d6a7c-cpu-3.20GHz/kdom_exp_MCE_PG_R_vs_FULL_GREEDY_T10_P0.m 10 0'
# Git Revision: 13d6a7c
#--------------------------------------------------------------------------------------

# win, score, num_players, available_moves(13), available_draft(13), chosen_draft_position(13), playouts_per_second(13), scores(13), score_diff, opponent_scores(3)
kdom_exp_MCE_PG_R_vs_FULL_GREEDY_T10_P0 = [
1, 72, 4, 4, 72, 36, 80, 30, 45, 42, 22, 15, 10, 16, 8, 2, 4, 3, 2, 4, 3, 3, 3, 2, 3, 2, 4, 4, 0, 2, 3, 1, 2, 2, 2, 3, 2, 3, 1, 1, 3, 0, 71.2, 72.2, 88.8, 146.6, 234.4, 365.8, 591.6, 1059.7, 2182.1, 4314.6, 8674.2, 16847.8, 35049.5, 10, 11, 13, 13, 15, 18, 22, 33, 40, 50, 56, 62, 72, 3, 45, 69, 35;
1, 55, 4, 3, 48, 78, 36, 51, 72, 16, 42, 48, 40, 20, 9, 1, 3, 2, 3, 3, 3, 4, 1, 3, 4, 4, 4, 3, 0, 3, 2, 2, 2, 1, 4, 2, 1, 1, 1, 2, 2, 0, 73.5, 67.3, 87.8, 160.6, 247.1, 248.8, 309.7, 522.9, 992.8, 2853.6, 6657.4, 17732.5, 28550.4, 10, 11, 11, 11, 12, 14, 25, 28, 28, 28, 42, 47, 55, 9, 46, 38, 30;
1, 64, 4, 4, 24, 72, 24, 42, 54, 18, 27, 18, 16, 12, 3, 2, 4, 1, 4, 2, 3, 3, 2, 3, 3, 4, 3, 1, 0, 4, 1, 3, 2, 2, 3, 2, 2, 1, 2, 4, 1, 0, 73.5, 96.9, 123.1, 190.2, 278.6, 399.1, 551.8, 1173.7, 1819.8, 3397.3, 7412.2, 22046.9, 28847.0, 10, 11, 11, 12, 14, 15, 20, 21, 31, 35, 48, 57, 64, 1, 63, 46, 47;
-1, 60, 4, 1, 96, 16, 104, 50, 12, 13, 16, 7, 6, 4, 9, 1, 1, 4, 1, 4, 2, 3, 1, 4, 1, 3, 4, 3, 0, 1, 4, 1, 3, 2, 4, 1, 4, 2, 1, 2, 3, 0, 95.6, 87.2, 153.6, 203.3, 324.0, 709.3, 995.0, 1372.7, 2789.1, 5180.4, 7142.4, 18448.9, 35369.6, 10, 10, 12, 16, 17, 17, 26, 28, 30, 48, 48, 53, 60, -7, 65, 67, 33;
1, 63, 4, 2, 72, 81, 120, 17, 64, 54, 26, 56, 24, 16, 9, 2, 2, 3, 3, 4, 1, 4, 3, 2, 4, 3, 4, 3, 0, 2, 2, 1, 4, 1, 2, 3, 1, 2, 1, 2, 3, 0, 75.0, 61.4, 63.0, 85.5, 131.8, 187.4, 332.8, 585.2, 871.1, 2487.8, 5899.4, 17027.7, 35803.5, 10, 11, 3, 5, 9, 11, 17, 19, 23, 24, 26, 45, 63, 9, 54, 53, 40;
1, 61, 4, 4, 96, 22, 48, 48, 42, 42, 48, 11, 24, 6, 8, 1, 4, 4, 1, 4, 3, 3, 3, 4, 1, 3, 1, 4, 0, 1, 4, 1, 2, 2, 2, 1, 4, 2, 4, 1, 3, 0, 75.7, 69.1, 103.2, 124.8, 271.9, 302.1, 481.7, 762.1, 1518.4, 3199.7, 4937.6, 17999.6, 36943.5, 10, 11, 13, 13, 16, 19, 20, 22, 29, 45, 48, 50, 61, 2, 48, 51, 59;
1, 66, 4, 3, 48, 66, 45, 13, 56, 24, 27, 40, 18, 10, 12, 2, 3, 2, 3, 3, 1, 4, 2, 3, 4, 3, 2, 4, 0, 3, 2, 2, 4, 1, 3, 2, 1, 2, 3, 1, 2, 0, 74.5, 49.2, 78.9, 157.7, 289.7, 436.3, 632.9, 1004.8, 1882.0, 3203.8, 6730.4, 17766.1, 33388.6, 10, 11, 12, 12, 14, 18, 19, 26, 30, 34, 46, 53, 66, 9, 18, 57, 35;
1, 58, 4, 2, 72, 42, 40, 40, 19, 76, 42, 30, 4, 20, 3, 1, 2, 3, 2, 4, 2, 1, 4, 3, 3, 2, 4, 1, 0, 2, 3, 1, 3, 4, 1, 2, 2, 3, 1, 4, 2, 0, 68.0, 55.6, 142.4, 172.9, 258.6, 223.6, 472.5, 529.5, 1501.2, 1959.9, 6413.4, 19042.4, 30898.5, 10, 11, 13, 13, 15, 19, 19, 19, 29, 37, 41, 50, 58, 10, 48, 48, 39;
-1, 55, 4, 3, 48, 72, 60, 26, 52, 38, 36, 10, 4, 4, 8, 1, 3, 2, 4, 3, 2, 4, 2, 3, 1, 2, 2, 4, 0, 3, 1, 2, 3, 1, 3, 2, 4, 3, 3, 1, 2, 0, 75.1, 65.9, 76.3, 120.9, 208.0, 366.4, 299.4, 1098.4, 3174.3, 6366.0, 10511.7, 18103.7, 32677.9, 10, 11, 11, 12, 17, 18, 19, 23, 33, 35, 35, 44, 55, -9, 59, 43, 64;
-1, 54, 4, 4, 48, 32, 38, 33, 26, 36, 26, 24, 12, 4, 8, 2, 4, 2, 2, 2, 3, 2, 3, 2, 4, 3, 1, 4, 0, 3, 3, 3, 2, 3, 2, 3, 1, 2, 4, 1, 2, 0, 71.4, 57.0, 100.4, 131.7, 226.5, 297.2, 560.4, 1321.7, 2369.1, 4081.9, 9013.9, 17755.7, 30904.0, 10, 11, 12, 13, 15, 19, 25, 26, 30, 34, 41, 45, 54, -4, 58, 34, 54;
1, 83, 4, 1, 72, 54, 104, 36, 48, 15, 16, 40, 24, 8, 16, 1, 1, 3, 3, 4, 3, 4, 1, 2, 4, 3, 2, 4, 0, 2, 2, 1, 2, 1, 4, 3, 1, 2, 3, 1, 3, 0, 85.4, 69.6, 77.5, 184.7, 263.1, 350.2, 611.1, 846.7, 1557.5, 4005.8, 8635.2, 17417.6, 33363.8, 10, 10, 11, 11, 14, 18, 26, 30, 32, 44, 56, 60, 83, 19, 64, 41, 61;
1, 79, 4, 3, 48, 66, 20, 60, 128, 30, 38, 32, 14, 32, 2, 2, 3, 2, 3, 1, 3, 4, 3, 2, 4, 1, 4, 1, 0, 3, 2, 4, 2, 1, 2, 3, 1, 4, 1, 4, 1, 0, 74.4, 53.3, 82.7, 96.2, 164.7, 378.5, 488.1, 1371.9, 1694.5, 4175.4, 7418.9, 22583.2, 29493.5, 10, 11, 12, 17, 18, 29, 30, 40, 42, 47, 56, 66, 79, 8, 45, 54, 71;
1, 85, 4, 1, 96, 18, 66, 78, 36, 42, 12, 24, 8, 9, 9, 1, 1, 4, 1, 3, 3, 2, 3, 1, 3, 2, 3, 3, 0, 1, 4, 2, 2, 3, 2, 4, 2, 3, 2, 2, 3, 0, 84.2, 81.7, 100.1, 180.6, 206.2, 391.5, 660.8, 976.5, 2265.5, 3563.6, 7144.5, 18296.9, 36703.1, 10, 10, 12, 16, 16, 17, 23, 51, 51, 56, 63, 70, 85, 41, 43, 40, 44;
1, 62, 4, 1, 48, 88, 88, 44, 32, 60, 32, 12, 6, 32, 8, 1, 1, 2, 4, 4, 2, 2, 3, 2, 4, 2, 4, 2, 0, 3, 1, 1, 3, 3, 2, 3, 1, 3, 1, 3, 4, 0, 70.1, 61.0, 130.6, 145.5, 249.5, 398.2, 604.4, 1183.4, 2451.3, 2641.5, 7169.2, 19712.2, 40204.1, 10, 10, 10, 10, 13, 15, 25, 30, 33, 37, 41, 53, 62, 16, 44, 46, 43;
1, 59, 4, 1, 96, 18, 66, 45, 56, 30, 32, 15, 7, 3, 16, 2, 1, 4, 1, 3, 3, 4, 2, 4, 3, 1, 3, 4, 0, 1, 4, 2, 2, 1, 3, 1, 2, 4, 2, 1, 3, 0, 86.4, 82.1, 95.7, 170.5, 265.7, 401.0, 661.1, 971.6, 1960.6, 2868.1, 3528.6, 13989.1, 35386.5, 10, 10, 13, 14, 17, 21, 28, 28, 37, 42, 42, 50, 59, 6, 39, 48, 53;
-1, 68, 4, 3, 72, 44, 38, 120, 52, 28, 8, 10, 15, 12, 6, 1, 3, 3, 2, 2, 4, 2, 2, 4, 2, 3, 3, 3, 0, 2, 3, 3, 1, 3, 3, 1, 3, 2, 2, 2, 4, 0, 68.7, 55.1, 86.6, 126.1, 117.3, 188.4, 658.8, 1026.1, 1349.1, 3173.5, 7390.3, 16775.5, 35687.2, 10, 11, 13, 17, 21, 22, 23, 23, 25, 37, 40, 52, 68, -14, 52, 46, 82;
-1, 58, 4, 4, 48, 54, 17, 28, 27, 6, 18, 32, 15, 16, 9, 1, 4, 2, 3, 1, 2, 3, 1, 3, 4, 3, 4, 3, 0, 3, 2, 4, 3, 2, 4, 2, 1, 2, 1, 2, 2, 0, 74.1, 64.4, 95.7, 155.8, 275.6, 488.5, 1199.9, 1597.6, 1944.4, 3701.7, 6463.0, 17841.7, 30488.4, 10, 11, 12, 13, 15, 18, 20, 22, 24, 31, 33, 43, 58, -21, 79, 47, 39;
1, 82, 4, 4, 48, 72, 72, 39, 36, 40, 8, 14, 16, 8, 6, 1, 4, 2, 4, 3, 3, 3, 4, 4, 2, 4, 4, 2, 0, 3, 1, 2, 2, 2, 1, 1, 3, 1, 1, 3, 4, 0, 72.7, 55.0, 89.3, 141.4, 249.8, 353.2, 853.3, 1200.2, 1789.6, 3753.6, 6927.0, 19797.6, 41014.2, 10, 11, 11, 14, 16, 17, 19, 23, 29, 42, 52, 62, 82, 35, 38, 47, 34;
1, 64, 4, 4, 48, 72, 32, 56, 96, 26, 30, 10, 4, 6, 8, 1, 4, 2, 4, 2, 4, 4, 2, 3, 2, 1, 2, 4, 0, 3, 1, 3, 1, 1, 3, 2, 3, 4, 3, 1, 4, 0, 75.6, 61.2, 96.5, 171.7, 265.3, 316.8, 506.4, 1200.3, 2426.3, 4316.3, 9406.8, 17322.1, 37968.5, 10, 12, 13, 14, 16, 16, 25, 27, 37, 38, 40, 57, 64, 4, 47, 45, 60;
-1, 60, 4, 4, 72, 108, 116, 11, 60, 1, 24, 45, 22, 20, 32, 2, 4, 3, 3, 4, 1, 3, 1, 4, 3, 2, 2, 4, 0, 2, 2, 1, 4, 2, 4, 1, 2, 3, 3, 1, 2, 0, 68.0, 60.9, 65.0, 119.3, 160.8, 358.3, 378.6, 504.8, 814.0, 1967.9, 3582.4, 14512.4, 31400.8, 10, 11, 11, 12, 14, 14, 14, 14, 14, 27, 39, 45, 60, -7, 45, 45, 67;
-1, 57, 4, 3, 96, 54, 16, 57, 25, 36, 22, 16, 4, 10, 3, 1, 3, 4, 3, 1, 3, 1, 2, 2, 4, 2, 2, 3, 0, 1, 2, 4, 2, 4, 3, 3, 1, 3, 3, 2, 2, 0, 79.1, 80.8, 119.7, 134.7, 274.0, 408.3, 918.7, 1165.4, 2723.8, 4077.9, 10416.7, 19702.0, 32588.2, 10, 10, 11, 12, 16, 19, 25, 26, 28, 34, 41, 49, 57, -30, 35, 87, 36;
-1, 50, 4, 1, 24, 64, 72, 26, 56, 42, 24, 5, 24, 12, 8, 1, 1, 1, 4, 3, 2, 4, 3, 4, 1, 4, 3, 2, 0, 4, 1, 2, 3, 1, 2, 1, 4, 1, 2, 3, 1, 0, 66.2, 81.7, 108.6, 183.7, 341.5, 514.9, 706.2, 1283.9, 2169.2, 2799.4, 6856.7, 20605.2, 30397.3, 10, 11, 11, 13, 15, 17, 21, 23, 33, 33, 41, 50, 50, -8, 58, 53, 41;
1, 62, 4, 1, 72, 66, 32, 19, 30, 42, 24, 18, 20, 4, 4, 2, 1, 3, 3, 2, 1, 2, 3, 2, 3, 4, 1, 2, 0, 2, 2, 3, 4, 3, 2, 3, 2, 1, 4, 3, 2, 0, 71.6, 55.1, 116.6, 140.6, 245.9, 324.7, 594.4, 1247.7, 1937.3, 4731.8, 9973.9, 18873.1, 30105.9, 10, 10, 12, 13, 16, 17, 17, 21, 28, 30, 46, 49, 62, 10, 49, 52, 52;
