#======================================================================================
# Kingdomino AI Experiment
#--------------------------------------------------------------------------------------
# 
# Player strategy:   MCE_PG_R
# Opponent strategy: FULL_GREEDY
# 
# Max search time: 8 (s)
# Max playouts: 0
# Runs: 200
# 
# System: Linux 3.20GHz
# Output file: kdom_exp-20170410-131854-rev-13d6a7c-cpu-3.20GHz/kdom_exp_MCE_PG_R_vs_FULL_GREEDY_T8_P0.m
# 
# Executing: 'java -jar out/kdom-exp.jar MCE_PG_R FULL_GREEDY kdom_exp-20170410-131854-rev-13d6a7c-cpu-3.20GHz/kdom_exp_MCE_PG_R_vs_FULL_GREEDY_T8_P0.m 8 0'
# Git Revision: 13d6a7c
#--------------------------------------------------------------------------------------

# win, score, num_players, available_moves(13), available_draft(13), chosen_draft_position(13), playouts_per_second(13), scores(13), score_diff, opponent_scores(3)
kdom_exp_MCE_PG_R_vs_FULL_GREEDY_T8_P0 = [
0, 69, 4, 4, 72, 32, 40, 56, 56, 28, 18, 21, 24, 8, 9, 1, 4, 3, 2, 4, 4, 4, 2, 3, 3, 4, 2, 3, 0, 2, 3, 1, 1, 1, 3, 2, 2, 1, 3, 2, 3, 0, 72.3, 63.1, 125.2, 213.5, 231.3, 285.4, 392.6, 675.9, 1824.7, 2976.8, 7931.9, 19467.7, 36626.0, 10, 11, 13, 13, 15, 15, 18, 22, 30, 34, 41, 53, 69, 0, 69, 59, 42;
1, 83, 4, 2, 72, 72, 168, 40, 15, 64, 24, 14, 40, 10, 9, 1, 2, 3, 2, 4, 4, 1, 4, 2, 2, 4, 2, 3, 0, 2, 3, 1, 1, 4, 1, 3, 3, 1, 3, 2, 2, 0, 74.4, 68.9, 66.6, 102.7, 270.6, 417.4, 810.1, 1003.5, 1839.3, 4434.9, 7354.4, 17389.2, 30418.9, 10, 11, 11, 11, 11, 14, 14, 23, 32, 34, 55, 71, 83, 9, 32, 74, 52;
1, 71, 4, 1, 96, 44, 21, 56, 32, 18, 18, 24, 12, 5, 8, 1, 1, 4, 2, 1, 4, 2, 2, 3, 3, 3, 1, 4, 0, 1, 3, 4, 1, 3, 3, 2, 2, 2, 4, 1, 4, 0, 80.2, 68.5, 94.4, 102.9, 188.9, 285.2, 518.5, 1462.2, 2392.8, 3582.9, 6801.9, 17067.9, 40989.4, 10, 10, 11, 12, 12, 14, 16, 22, 25, 40, 45, 46, 71, 25, 41, 46, 31;
1, 98, 4, 3, 48, 104, 58, 120, 66, 64, 24, 30, 21, 18, 16, 1, 3, 2, 4, 2, 4, 3, 4, 4, 3, 3, 3, 4, 0, 3, 1, 3, 1, 2, 1, 1, 2, 2, 2, 1, 2, 0, 68.7, 57.2, 64.6, 109.5, 164.7, 359.8, 754.1, 812.2, 1605.8, 3232.8, 7064.0, 17636.1, 31754.0, 10, 11, 11, 14, 22, 23, 23, 23, 42, 55, 70, 82, 98, 44, 49, 54, 51;
1, 44, 4, 4, 96, 21, 40, 2, 64, 8, 12, 3, 20, 5, 8, 1, 4, 4, 1, 4, 1, 4, 1, 3, 1, 4, 1, 4, 0, 1, 4, 1, 4, 1, 4, 2, 4, 1, 4, 1, 4, 0, 72.1, 64.2, 123.6, 178.6, 248.2, 380.3, 792.0, 1300.6, 1410.7, 3994.6, 8047.3, 16545.8, 37634.2, 10, 11, 12, 12, 14, 14, 21, 22, 32, 32, 36, 36, 44, 1, 34, 43, 41;
1, 66, 4, 3, 48, 87, 23, 92, 34, 9, 21, 14, 32, 3, 16, 1, 3, 2, 3, 1, 4, 2, 1, 3, 2, 4, 1, 4, 0, 3, 2, 4, 1, 3, 4, 2, 3, 1, 4, 1, 4, 0, 70.9, 48.5, 78.1, 85.2, 222.9, 530.6, 996.1, 1172.8, 1671.9, 3432.7, 7394.4, 17782.0, 40498.6, 10, 11, 11, 12, 14, 21, 28, 31, 34, 36, 53, 57, 66, 7, 59, 43, 58;
1, 78, 4, 1, 72, 108, 72, 48, 104, 39, 20, 24, 27, 6, 6, 2, 1, 3, 4, 4, 3, 4, 3, 2, 4, 3, 2, 3, 0, 2, 1, 1, 2, 1, 2, 3, 1, 2, 3, 2, 1, 0, 74.7, 58.9, 100.4, 215.5, 232.2, 385.1, 765.5, 864.8, 1652.3, 3516.8, 9467.5, 18076.8, 29893.3, 10, 10, 11, 11, 18, 21, 28, 33, 43, 46, 58, 58, 78, 15, 51, 63, 39;
-1, 60, 4, 4, 24, 44, 42, 24, 63, 17, 20, 7, 8, 12, 4, 1, 4, 1, 2, 2, 2, 3, 1, 4, 1, 2, 3, 2, 0, 4, 3, 3, 3, 2, 4, 1, 4, 3, 2, 3, 3, 0, 65.6, 61.0, 102.4, 161.1, 165.4, 343.5, 762.4, 1391.6, 2306.8, 5123.1, 8486.0, 21468.1, 37390.1, 10, 11, 12, 14, 17, 18, 20, 22, 27, 29, 31, 47, 60, -10, 57, 70, 45;
1, 64, 4, 4, 24, 64, 36, 32, 68, 14, 36, 5, 8, 18, 12, 1, 4, 1, 4, 2, 2, 4, 2, 3, 1, 2, 3, 3, 0, 4, 1, 3, 3, 1, 3, 2, 4, 3, 2, 2, 4, 0, 69.2, 87.3, 131.3, 193.1, 196.2, 375.9, 583.2, 1136.4, 2248.9, 3537.3, 9159.7, 18886.3, 42811.3, 10, 11, 11, 11, 12, 15, 20, 26, 32, 32, 37, 40, 64, 5, 31, 59, 50;
1, 68, 4, 3, 96, 44, 36, 48, 64, 20, 40, 16, 24, 12, 9, 1, 3, 4, 2, 3, 4, 4, 2, 4, 2, 4, 3, 3, 0, 1, 3, 2, 1, 1, 3, 1, 3, 1, 2, 2, 4, 0, 73.6, 64.0, 138.5, 185.4, 266.5, 393.2, 478.9, 740.5, 1075.9, 2272.6, 5798.7, 16751.7, 34189.7, 10, 11, 12, 12, 13, 19, 21, 21, 35, 38, 50, 60, 68, 13, 41, 55, 48;
1, 73, 4, 3, 72, 144, 42, 120, 48, 26, 88, 10, 64, 8, 16, 2, 3, 3, 4, 3, 4, 2, 2, 4, 1, 4, 2, 4, 0, 2, 1, 2, 1, 3, 3, 1, 4, 1, 3, 1, 2, 0, 68.0, 52.5, 73.6, 128.0, 266.8, 321.3, 440.2, 875.5, 1487.3, 4587.0, 6971.7, 16757.9, 30651.0, 10, 11, 11, 11, 13, 17, 19, 28, 33, 37, 50, 56, 73, 14, 47, 42, 59;
1, 64, 4, 3, 72, 84, 78, 144, 45, 96, 18, 14, 6, 16, 4, 1, 3, 3, 4, 3, 4, 3, 4, 2, 2, 1, 4, 2, 0, 2, 1, 2, 1, 2, 1, 3, 3, 4, 1, 3, 4, 0, 67.3, 55.5, 103.0, 133.4, 206.4, 292.7, 583.2, 866.1, 1828.9, 2008.4, 7594.5, 21234.5, 39482.6, 10, 11, 12, 14, 16, 18, 28, 30, 34, 39, 43, 55, 64, 7, 44, 52, 57;
-1, 48, 4, 4, 24, 104, 104, 6, 20, 6, 16, 4, 8, 15, 4, 1, 4, 1, 4, 4, 1, 4, 1, 4, 1, 4, 3, 4, 0, 4, 1, 1, 4, 1, 4, 1, 4, 1, 2, 1, 2, 0, 65.0, 41.7, 113.3, 133.5, 315.0, 388.3, 585.2, 827.6, 1648.8, 2731.9, 7400.8, 16315.9, 29086.2, 10, 11, 11, 11, 13, 14, 20, 24, 30, 34, 35, 38, 48, -12, 60, 44, 46;
1, 70, 4, 4, 48, 112, 58, 128, 27, 12, 8, 6, 10, 9, 6, 1, 4, 2, 4, 2, 4, 1, 2, 2, 1, 2, 3, 2, 0, 3, 1, 3, 1, 4, 3, 3, 4, 3, 2, 3, 3, 0, 66.5, 65.7, 100.5, 144.7, 242.3, 582.9, 897.4, 1668.6, 2737.5, 3457.1, 9621.2, 19881.6, 31933.4, 10, 11, 13, 14, 16, 26, 27, 37, 50, 53, 58, 63, 70, 22, 48, 39, 45;
1, 75, 4, 3, 48, 72, 14, 52, 26, 80, 33, 44, 64, 2, 16, 2, 3, 2, 4, 1, 4, 2, 4, 3, 4, 4, 2, 4, 0, 3, 1, 4, 1, 3, 1, 2, 1, 1, 3, 1, 2, 0, 72.3, 85.7, 121.5, 146.2, 244.1, 392.1, 631.3, 1409.9, 2516.2, 4036.5, 7923.6, 17727.7, 31706.7, 10, 11, 11, 14, 15, 18, 26, 35, 38, 44, 48, 54, 75, 8, 48, 44, 67;
-1, 60, 4, 1, 96, 48, 30, 42, 9, 28, 24, 9, 12, 10, 3, 1, 1, 4, 3, 3, 3, 1, 4, 2, 3, 2, 2, 1, 0, 1, 2, 2, 2, 4, 1, 3, 2, 3, 3, 4, 1, 0, 87.4, 75.7, 163.5, 195.3, 239.5, 423.0, 637.2, 1093.7, 1528.0, 2738.1, 7403.2, 18860.4, 27099.6, 10, 10, 11, 11, 13, 15, 17, 22, 23, 30, 39, 50, 60, -16, 76, 52, 52;
1, 67, 4, 4, 72, 87, 60, 48, 39, 36, 40, 9, 3, 3, 6, 1, 4, 3, 3, 3, 3, 3, 3, 4, 1, 1, 1, 3, 0, 2, 2, 2, 2, 2, 2, 1, 4, 4, 4, 2, 2, 0, 73.9, 63.8, 88.5, 121.9, 196.0, 410.5, 480.3, 711.1, 2966.7, 6435.5, 10951.5, 18950.6, 31279.1, 10, 11, 11, 12, 15, 20, 20, 20, 52, 54, 55, 59, 67, 12, 31, 55, 53;
-1, 64, 4, 3, 48, 104, 160, 10, 40, 24, 3, 48, 12, 15, 6, 1, 3, 2, 4, 4, 1, 4, 2, 1, 4, 2, 3, 3, 0, 3, 1, 1, 4, 1, 3, 4, 1, 3, 2, 2, 4, 0, 73.9, 54.5, 102.7, 130.8, 311.1, 470.0, 900.2, 866.5, 2308.6, 3807.3, 7421.5, 18638.3, 42242.3, 10, 11, 11, 11, 13, 15, 20, 23, 23, 26, 34, 47, 64, -31, 27, 36, 95;
-1, 56, 4, 1, 96, 27, 32, 42, 48, 10, 32, 24, 16, 16, 9, 1, 1, 4, 1, 4, 2, 3, 1, 4, 3, 2, 4, 3, 0, 1, 4, 1, 3, 2, 4, 1, 2, 3, 1, 2, 4, 0, 68.4, 56.9, 155.8, 232.0, 269.5, 487.5, 706.0, 1068.1, 1788.3, 2760.6, 6251.8, 17891.6, 40020.9, 10, 10, 12, 12, 15, 15, 18, 18, 22, 30, 32, 42, 56, -20, 52, 53, 76;
-1, 45, 4, 1, 48, 84, 42, 80, 39, 32, 20, 4, 48, 16, 9, 1, 1, 2, 3, 2, 4, 3, 2, 2, 4, 4, 4, 3, 0, 3, 2, 3, 1, 2, 3, 3, 1, 1, 1, 2, 2, 0, 68.7, 73.4, 98.4, 92.8, 204.6, 447.8, 924.4, 1795.6, 1678.6, 2931.6, 7481.3, 18464.6, 32468.8, 10, 10, 10, 11, 11, 14, 20, 30, 30, 36, 36, 40, 45, -15, 60, 54, 39;
1, 63, 4, 2, 48, 104, 28, 24, 38, 18, 24, 20, 9, 12, 8, 1, 2, 2, 4, 1, 3, 2, 2, 2, 2, 3, 3, 4, 0, 3, 1, 4, 2, 3, 3, 3, 3, 2, 2, 1, 2, 0, 69.2, 63.3, 85.7, 187.3, 244.3, 367.3, 648.6, 1174.5, 2606.8, 3663.2, 7737.1, 18377.3, 31797.6, 10, 11, 11, 13, 13, 21, 22, 28, 35, 38, 41, 47, 63, 18, 45, 45, 39;
1, 70, 4, 4, 24, 27, 46, 42, 66, 15, 24, 8, 32, 12, 6, 1, 4, 1, 1, 2, 3, 3, 1, 3, 1, 4, 2, 3, 0, 4, 4, 3, 2, 2, 4, 2, 4, 1, 3, 2, 4, 0, 69.9, 80.8, 85.0, 163.5, 362.4, 502.9, 966.6, 1391.5, 1728.1, 3724.3, 9446.3, 19961.3, 42724.3, 10, 12, 13, 14, 15, 21, 36, 38, 53, 53, 56, 61, 70, 4, 44, 51, 66;
1, 79, 4, 4, 72, 36, 96, 44, 39, 28, 40, 20, 32, 8, 12, 1, 4, 3, 2, 4, 2, 3, 2, 4, 2, 4, 2, 3, 0, 2, 3, 1, 3, 2, 3, 1, 3, 1, 3, 2, 3, 0, 72.0, 66.3, 80.1, 109.2, 145.9, 299.7, 379.4, 763.4, 1155.1, 2977.4, 5849.6, 17973.1, 33023.9, 10, 11, 12, 13, 16, 20, 24, 30, 37, 46, 60, 65, 79, 12, 30, 38, 67;
