#======================================================================================
# Kingdomino AI Experiment
#--------------------------------------------------------------------------------------
# 
# Player strategy:   MCE_PG_R
# Opponent strategy: FULL_GREEDY
# 
# Max search time: 2 (s)
# Max playouts: 0
# Runs: 200
# 
# System: Linux 3.20GHz
# Output file: kdom_exp-20170410-131854-rev-13d6a7c-cpu-3.20GHz/kdom_exp_MCE_PG_R_vs_FULL_GREEDY_T2_P0.m
# 
# Executing: 'java -jar out/kdom-exp.jar MCE_PG_R FULL_GREEDY kdom_exp-20170410-131854-rev-13d6a7c-cpu-3.20GHz/kdom_exp_MCE_PG_R_vs_FULL_GREEDY_T2_P0.m 2 0'
# Git Revision: 13d6a7c
#--------------------------------------------------------------------------------------

# win, score, num_players, available_moves(13), available_draft(13), chosen_draft_position(13), playouts_per_second(13), scores(13), score_diff, opponent_scores(3)
kdom_exp_MCE_PG_R_vs_FULL_GREEDY_T2_P0 = [
1, 61, 4, 3, 96, 124, 24, 88, 66, 22, 48, 20, 4, 12, 6, 3, 3, 4, 4, 2, 4, 3, 2, 4, 2, 4, 3, 3, 0, 1, 1, 3, 1, 2, 3, 1, 3, 1, 2, 2, 3, 0, 64.0, 58.2, 72.9, 125.5, 211.3, 209.5, 445.3, 820.6, 1730.2, 3156.8, 5245.8, 17071.9, 35270.9, 10, 10, 11, 12, 16, 18, 21, 23, 30, 30, 39, 47, 61, 16, 40, 45, 24;
1, 71, 4, 2, 72, 104, 72, 40, 66, 48, 128, 104, 12, 24, 16, 1, 2, 3, 4, 4, 2, 3, 2, 4, 4, 2, 4, 4, 0, 2, 1, 1, 3, 2, 3, 1, 1, 3, 1, 1, 3, 0, 59.9, 54.8, 85.7, 117.2, 156.7, 299.4, 579.0, 958.5, 2079.1, 3595.3, 7755.8, 16528.2, 33641.6, 10, 11, 11, 14, 15, 17, 18, 29, 39, 42, 50, 52, 71, 13, 43, 58, 39;
1, 84, 4, 2, 96, 81, 58, 44, 22, 10, 24, 32, 14, 16, 6, 1, 2, 4, 3, 2, 4, 1, 2, 3, 4, 2, 4, 2, 0, 1, 2, 3, 1, 4, 3, 2, 1, 3, 1, 3, 2, 0, 59.3, 61.5, 77.2, 137.9, 275.5, 614.1, 721.1, 1136.4, 1921.1, 3144.7, 7743.6, 20071.6, 32494.0, 10, 10, 11, 12, 14, 17, 18, 20, 29, 45, 51, 63, 84, 24, 60, 41, 54;
1, 67, 4, 3, 48, 52, 46, 36, 13, 96, 15, 12, 2, 12, 6, 1, 3, 2, 2, 2, 2, 1, 4, 3, 3, 1, 3, 3, 0, 3, 3, 3, 3, 4, 1, 2, 2, 4, 2, 2, 3, 0, 55.6, 59.7, 98.2, 124.1, 207.9, 316.5, 667.3, 1305.9, 2429.4, 3010.7, 6764.0, 16262.5, 30518.1, 10, 11, 12, 15, 16, 24, 27, 35, 35, 45, 46, 53, 67, 12, 53, 40, 55;
1, 72, 4, 4, 72, 22, 90, 66, 104, 24, 56, 28, 32, 12, 6, 2, 4, 3, 1, 3, 2, 4, 2, 4, 2, 4, 4, 2, 0, 2, 4, 2, 3, 1, 3, 1, 3, 1, 1, 3, 1, 0, 57.8, 65.6, 78.2, 99.3, 174.3, 275.1, 542.5, 698.0, 1232.2, 2556.0, 6938.5, 17582.6, 27785.2, 10, 11, 13, 14, 16, 16, 18, 18, 33, 36, 43, 55, 72, 6, 46, 65, 66;
1, 64, 4, 4, 48, 64, 60, 40, 96, 48, 28, 32, 6, 5, 3, 2, 4, 2, 4, 4, 2, 4, 4, 2, 4, 2, 1, 3, 0, 3, 1, 1, 3, 1, 1, 3, 1, 3, 4, 2, 2, 0, 57.0, 75.0, 107.1, 144.3, 195.3, 419.8, 565.2, 1601.5, 2990.3, 6323.1, 9505.5, 18252.6, 31375.3, 10, 11, 11, 12, 15, 15, 15, 24, 28, 39, 52, 57, 64, 4, 50, 41, 60;
1, 70, 4, 2, 72, 44, 38, 88, 19, 20, 64, 30, 3, 6, 18, 1, 2, 3, 2, 2, 4, 1, 2, 4, 3, 1, 1, 3, 0, 2, 3, 3, 1, 4, 3, 1, 2, 4, 4, 2, 3, 0, 57.4, 67.3, 121.8, 160.1, 236.9, 539.0, 675.8, 866.7, 2020.8, 5806.4, 8879.9, 19615.8, 36263.0, 10, 11, 12, 14, 14, 18, 20, 23, 29, 39, 49, 57, 70, 9, 51, 59, 61;
-1, 57, 4, 2, 96, 16, 30, 44, 16, 24, 24, 22, 32, 4, 6, 1, 2, 4, 1, 3, 4, 2, 4, 4, 2, 4, 2, 2, 0, 1, 4, 2, 1, 3, 1, 1, 3, 1, 3, 3, 3, 0, 72.9, 74.9, 186.7, 207.7, 342.2, 462.9, 799.2, 1233.2, 1697.3, 3285.2, 5015.1, 18999.1, 34768.3, 10, 10, 12, 12, 15, 17, 19, 21, 29, 31, 38, 41, 57, -1, 58, 55, 50;
-1, 41, 4, 4, 96, 36, 136, 20, 56, 14, 24, 36, 18, 6, 4, 1, 4, 4, 2, 4, 2, 4, 2, 2, 4, 3, 2, 1, 0, 1, 3, 1, 3, 1, 3, 3, 1, 2, 3, 4, 1, 0, 57.0, 83.6, 96.9, 154.9, 190.0, 348.2, 513.3, 682.7, 1446.3, 3577.8, 7976.2, 18913.2, 25739.5, 10, 10, 10, 10, 10, 10, 13, 16, 18, 25, 33, 35, 41, -23, 42, 64, 51;
-1, 62, 4, 1, 96, 32, 36, 72, 18, 33, 14, 56, 15, 6, 16, 1, 1, 4, 2, 3, 4, 1, 3, 1, 4, 3, 1, 4, 0, 1, 3, 2, 1, 4, 2, 4, 1, 2, 4, 1, 3, 0, 82.0, 88.1, 130.9, 233.6, 345.4, 333.7, 548.9, 868.3, 2091.9, 3354.9, 7138.2, 16365.6, 34588.8, 10, 10, 11, 11, 11, 16, 19, 26, 30, 45, 51, 51, 62, -27, 89, 48, 52;
1, 74, 4, 1, 72, 62, 30, 30, 40, 56, 10, 24, 24, 16, 8, 2, 1, 3, 2, 3, 2, 4, 4, 1, 4, 3, 2, 4, 0, 2, 3, 2, 3, 1, 1, 4, 1, 2, 3, 1, 4, 0, 67.9, 86.8, 124.1, 184.4, 256.3, 349.0, 568.9, 1382.7, 1949.5, 3331.0, 8143.6, 15798.8, 39055.4, 10, 10, 11, 11, 16, 22, 25, 38, 38, 45, 49, 59, 74, 20, 47, 54, 49;
-1, 58, 4, 3, 48, 78, 54, 8, 10, 48, 22, 12, 15, 9, 6, 1, 3, 2, 3, 3, 2, 2, 4, 2, 2, 3, 3, 3, 0, 3, 2, 2, 3, 3, 1, 3, 3, 2, 2, 2, 4, 0, 54.4, 57.5, 83.6, 163.1, 312.4, 402.8, 703.0, 932.9, 1401.9, 3224.3, 7346.4, 16977.7, 35445.4, 10, 11, 12, 12, 12, 13, 16, 18, 23, 26, 41, 47, 58, -13, 71, 56, 51;
-1, 56, 4, 2, 96, 72, 12, 72, 33, 24, 40, 9, 3, 16, 20, 4, 2, 4, 4, 1, 4, 3, 4, 4, 1, 3, 4, 4, 0, 1, 1, 4, 1, 2, 1, 1, 4, 2, 1, 1, 3, 0, 61.7, 86.3, 107.9, 117.5, 247.0, 367.5, 635.5, 1118.8, 1960.0, 1304.0, 2627.7, 13896.2, 32101.0, 10, 10, 10, 13, 13, 18, 22, 26, 32, 32, 38, 50, 56, -4, 49, 38, 60;
1, 70, 4, 2, 72, 36, 80, 48, 60, 11, 33, 26, 14, 15, 9, 1, 2, 3, 2, 4, 3, 3, 1, 3, 2, 2, 3, 3, 0, 2, 3, 1, 2, 2, 4, 2, 3, 3, 2, 2, 3, 0, 57.5, 68.6, 100.5, 154.4, 221.3, 287.3, 421.9, 798.2, 1071.1, 2283.4, 4681.1, 17641.8, 35026.4, 10, 11, 12, 14, 15, 17, 20, 21, 28, 37, 48, 61, 70, 20, 46, 45, 50;
-1, 53, 4, 3, 96, 112, 54, 26, 54, 80, 64, 45, 2, 8, 12, 1, 3, 4, 4, 2, 1, 3, 4, 4, 3, 1, 4, 3, 0, 1, 1, 3, 4, 2, 1, 1, 2, 4, 1, 2, 3, 0, 61.8, 69.8, 81.3, 229.3, 195.1, 494.8, 934.0, 1787.9, 3604.8, 6517.4, 10127.9, 19038.7, 35086.0, 10, 11, 11, 14, 16, 17, 27, 29, 36, 38, 38, 42, 53, -13, 66, 53, 45;
-1, 54, 4, 4, 24, 72, 48, 56, 15, 36, 24, 7, 10, 20, 2, 2, 4, 1, 4, 4, 4, 1, 3, 3, 1, 2, 4, 2, 0, 4, 1, 1, 1, 4, 2, 2, 4, 3, 1, 3, 3, 0, 58.1, 74.9, 128.5, 172.4, 230.1, 270.5, 568.9, 959.4, 1686.8, 2409.8, 7314.3, 17372.5, 32898.3, 10, 12, 12, 12, 12, 20, 20, 21, 26, 30, 31, 40, 54, -19, 55, 73, 65;
1, 60, 4, 2, 96, 16, 54, 36, 4, 16, 21, 6, 6, 6, 2, 2, 2, 4, 1, 3, 2, 2, 4, 3, 2, 1, 3, 1, 0, 1, 4, 2, 3, 3, 1, 2, 3, 4, 2, 4, 2, 0, 62.4, 64.9, 143.9, 193.8, 405.4, 546.2, 868.9, 1620.0, 3112.9, 4343.4, 7215.8, 20000.4, 30468.4, 10, 10, 11, 11, 13, 15, 16, 21, 25, 38, 38, 55, 60, 8, 52, 51, 39;
-1, 56, 4, 4, 72, 72, 28, 20, 60, 23, 32, 28, 14, 3, 4, 1, 4, 3, 4, 2, 2, 3, 1, 4, 2, 2, 1, 2, 0, 2, 1, 3, 3, 2, 4, 1, 3, 3, 4, 3, 2, 0, 55.3, 63.1, 139.2, 191.5, 376.3, 640.8, 972.2, 1504.5, 2781.5, 5284.2, 10746.1, 19873.9, 31087.0, 10, 11, 11, 12, 14, 16, 18, 20, 31, 34, 44, 49, 56, -18, 43, 45, 74;
1, 66, 4, 3, 48, 52, 42, 20, 64, 19, 48, 6, 40, 7, 9, 1, 3, 2, 2, 3, 2, 4, 1, 4, 2, 4, 1, 3, 0, 3, 3, 2, 3, 1, 4, 1, 3, 1, 4, 2, 3, 0, 55.0, 63.6, 95.0, 139.9, 238.8, 362.9, 280.8, 981.7, 1714.4, 3024.5, 4681.3, 15896.8, 31125.7, 10, 11, 11, 12, 14, 16, 17, 21, 24, 33, 43, 47, 66, 4, 62, 51, 45;
-1, 49, 4, 1, 96, 18, 44, 19, 3, 80, 40, 21, 8, 9, 4, 4, 1, 4, 1, 2, 1, 3, 4, 2, 3, 2, 3, 2, 0, 1, 4, 3, 4, 2, 1, 3, 2, 3, 2, 3, 4, 0, 65.8, 77.2, 86.0, 156.3, 367.4, 294.9, 368.3, 738.3, 1581.4, 2384.1, 6012.8, 14562.4, 38795.7, 10, 10, 12, 13, 21, 21, 21, 23, 23, 29, 31, 38, 49, -25, 70, 42, 74;
1, 82, 4, 3, 48, 54, 20, 68, 66, 38, 9, 30, 40, 8, 6, 1, 3, 2, 3, 1, 4, 3, 2, 1, 3, 4, 2, 3, 0, 3, 2, 4, 1, 2, 3, 4, 2, 1, 3, 2, 3, 0, 52.0, 60.3, 90.8, 113.5, 255.6, 374.4, 761.2, 1040.5, 2300.4, 4587.5, 8724.7, 19181.6, 36009.4, 10, 11, 11, 14, 14, 14, 25, 31, 40, 48, 53, 61, 82, 13, 55, 69, 61;
-1, 53, 4, 1, 96, 64, 39, 38, 36, 28, 45, 7, 12, 10, 3, 2, 1, 4, 4, 3, 2, 3, 2, 3, 1, 3, 2, 1, 0, 1, 1, 2, 3, 2, 3, 2, 4, 2, 3, 4, 2, 0, 58.9, 65.2, 142.2, 181.6, 269.4, 445.0, 645.6, 1130.0, 1946.9, 3813.3, 8884.1, 20381.2, 30702.2, 10, 10, 10, 11, 12, 14, 19, 20, 30, 37, 45, 48, 53, -15, 68, 68, 47;
-1, 42, 4, 1, 96, 18, 80, 54, 24, 9, 30, 16, 10, 12, 3, 1, 1, 4, 1, 4, 3, 2, 1, 3, 2, 2, 3, 1, 0, 1, 4, 1, 2, 3, 4, 2, 3, 3, 2, 4, 2, 0, 60.9, 61.4, 98.1, 157.0, 235.9, 494.9, 836.0, 1412.8, 2162.3, 3943.6, 6804.4, 20359.2, 31185.6, 10, 10, 12, 16, 16, 18, 20, 20, 25, 34, 36, 42, 42, -27, 62, 40, 69;
