#======================================================================================
# Kingdomino AI Experiment
#--------------------------------------------------------------------------------------
# 
# Player strategy:   MCE_PG_R
# Opponent strategy: FULL_GREEDY
# 
# Max search time: 0.3 (s)
# Max playouts: 0
# Runs: 200
# 
# System: Linux 3.20GHz
# Output file: kdom_exp-20170410-131854-rev-13d6a7c-cpu-3.20GHz/kdom_exp_MCE_PG_R_vs_FULL_GREEDY_T0.3_P0.m
# 
# Executing: 'java -jar out/kdom-exp.jar MCE_PG_R FULL_GREEDY kdom_exp-20170410-131854-rev-13d6a7c-cpu-3.20GHz/kdom_exp_MCE_PG_R_vs_FULL_GREEDY_T0.3_P0.m 0.3 0'
# Git Revision: 13d6a7c
#--------------------------------------------------------------------------------------

# win, score, num_players, available_moves(13), available_draft(13), chosen_draft_position(13), playouts_per_second(13), scores(13), score_diff, opponent_scores(3)
kdom_exp_MCE_PG_R_vs_FULL_GREEDY_T0_3_P0 = [
1, 49, 4, 4, 96, 93, 60, 16, 60, 13, 24, 12, 16, 16, 4, 1, 4, 4, 3, 2, 2, 3, 1, 4, 3, 2, 4, 1, 0, 1, 2, 3, 3, 2, 4, 1, 2, 3, 1, 4, 4, 0, 32.3, 59.6, 66.6, 69.1, 165.7, 241.9, 362.1, 602.5, 1226.0, 3098.4, 6088.9, 19734.9, 33272.8, 10, 10, 3, 3, 3, 6, 8, 8, 12, 20, 26, 39, 49, 6, 38, 43, 41;
-1, 46, 4, 3, 72, 108, 64, 40, 40, 12, 28, 4, 40, 14, 6, 1, 3, 3, 3, 4, 4, 4, 1, 4, 2, 4, 2, 2, 0, 2, 2, 1, 1, 1, 4, 1, 3, 1, 3, 3, 1, 0, 32.3, 43.9, 86.6, 122.3, 239.3, 225.4, 419.2, 1172.3, 951.5, 1942.7, 3876.6, 17383.0, 25251.1, 10, 11, 11, 11, 11, 13, 16, 16, 24, 24, 27, 33, 46, -24, 43, 70, 38;
-1, 47, 4, 4, 24, 64, 16, 66, 42, 48, 36, 24, 12, 16, 1, 1, 4, 1, 4, 1, 3, 3, 4, 3, 3, 2, 4, 1, 0, 4, 1, 4, 2, 2, 1, 2, 2, 3, 1, 4, 3, 0, 32.0, 45.5, 110.0, 151.6, 206.6, 373.6, 622.3, 878.3, 1949.3, 4246.3, 7312.6, 20613.9, 33653.1, 10, 11, 11, 12, 12, 15, 15, 19, 25, 33, 37, 47, 47, -13, 33, 60, 47;
1, 67, 4, 1, 96, 48, 48, 112, 18, 4, 36, 57, 27, 14, 15, 1, 1, 4, 3, 2, 4, 2, 4, 3, 3, 3, 2, 3, 0, 1, 2, 3, 1, 3, 1, 2, 2, 2, 3, 2, 3, 0, 45.4, 57.0, 99.7, 116.3, 233.8, 335.3, 306.2, 479.7, 911.7, 1358.3, 6204.1, 16946.3, 31016.1, 10, 10, 11, 12, 14, 15, 15, 24, 27, 37, 49, 63, 67, 8, 54, 59, 49;
1, 56, 4, 3, 72, 93, 48, 46, 80, 45, 16, 54, 22, 6, 3, 1, 3, 3, 3, 3, 2, 4, 3, 1, 3, 2, 3, 3, 0, 2, 2, 2, 3, 1, 2, 4, 2, 3, 2, 2, 4, 0, 32.3, 50.1, 69.2, 84.4, 102.2, 291.6, 439.3, 1058.7, 2154.7, 4580.0, 7453.6, 16232.5, 38941.3, 10, 10, 13, 13, 14, 19, 19, 26, 38, 51, 53, 53, 56, 1, 43, 52, 55;
-1, 47, 4, 1, 72, 44, 54, 24, 54, 36, 56, 18, 6, 3, 16, 1, 1, 3, 2, 3, 2, 3, 3, 4, 2, 2, 1, 4, 0, 2, 3, 2, 3, 2, 2, 1, 3, 3, 4, 1, 3, 0, 27.9, 42.6, 64.8, 96.3, 273.3, 389.2, 702.6, 1029.1, 1715.3, 3125.4, 5899.3, 14981.3, 31746.1, 10, 10, 11, 11, 12, 12, 16, 18, 24, 25, 30, 32, 47, -28, 37, 65, 75;
-1, 49, 4, 1, 96, 32, 28, 42, 42, 9, 32, 18, 12, 8, 5, 1, 1, 4, 2, 2, 3, 3, 1, 4, 3, 2, 4, 1, 0, 1, 3, 3, 2, 2, 4, 1, 2, 3, 1, 4, 3, 0, 36.5, 49.8, 85.3, 195.7, 297.4, 595.5, 868.7, 1392.0, 1888.5, 3630.9, 6138.5, 21241.8, 35238.4, 10, 10, 11, 13, 13, 13, 18, 20, 22, 31, 42, 49, 49, -27, 76, 42, 40;
-1, 48, 4, 3, 96, 54, 152, 124, 8, 44, 22, 30, 14, 9, 3, 2, 3, 4, 2, 4, 4, 1, 4, 2, 3, 2, 3, 1, 0, 1, 3, 1, 1, 4, 1, 3, 2, 3, 2, 4, 3, 0, 32.7, 49.5, 102.5, 188.0, 237.3, 289.4, 413.1, 1102.0, 1391.5, 2486.1, 5918.2, 18916.2, 34212.7, 10, 10, 10, 10, 12, 15, 15, 17, 17, 23, 31, 36, 48, -12, 60, 58, 40;
-1, 53, 4, 2, 24, 54, 40, 21, 72, 10, 20, 8, 27, 10, 15, 1, 2, 1, 3, 2, 1, 4, 1, 4, 4, 3, 2, 3, 0, 4, 2, 3, 4, 1, 4, 1, 1, 2, 3, 2, 3, 0, 25.5, 61.5, 101.5, 139.4, 216.6, 406.5, 641.9, 1143.7, 1375.4, 3727.9, 6625.3, 17068.3, 33052.9, 10, 11, 11, 11, 14, 14, 19, 20, 20, 32, 40, 41, 53, -10, 63, 62, 48;
-1, 37, 4, 3, 72, 44, 57, 11, 4, 33, 2, 24, 32, 24, 12, 2, 3, 3, 2, 3, 1, 4, 3, 2, 3, 4, 3, 3, 0, 2, 3, 2, 4, 1, 2, 3, 2, 1, 2, 2, 2, 0, 33.3, 43.3, 92.8, 112.2, 361.8, 297.1, 365.6, 332.6, 546.2, 1620.6, 3532.6, 13407.5, 28066.4, 10, 10, 11, 11, 13, 13, 16, 16, 16, 21, 24, 30, 37, -37, 45, 74, 52;
-1, 35, 4, 4, 96, 16, 26, 16, 20, 3, 24, 3, 10, 16, 1, 1, 4, 4, 1, 2, 2, 2, 1, 4, 1, 2, 4, 1, 0, 1, 4, 3, 3, 3, 4, 1, 4, 3, 1, 4, 1, 0, 26.3, 65.5, 126.0, 217.4, 194.1, 358.0, 1199.9, 1880.8, 3048.9, 4811.1, 9056.4, 20363.3, 26158.4, 10, 10, 11, 4, 5, 6, 11, 11, 18, 19, 23, 35, 35, -47, 82, 26, 46;
1, 56, 4, 2, 72, 32, 75, 66, 32, 24, 80, 38, 22, 18, 2, 1, 2, 3, 2, 3, 3, 4, 3, 4, 2, 2, 3, 1, 0, 2, 3, 2, 2, 1, 2, 1, 3, 3, 2, 4, 2, 0, 39.8, 43.3, 86.3, 128.7, 166.5, 494.0, 552.1, 932.1, 1522.4, 3239.2, 6853.0, 20804.3, 32495.5, 10, 10, 11, 12, 15, 15, 15, 17, 25, 32, 35, 50, 56, 1, 44, 55, 48;
-1, 57, 4, 1, 48, 64, 54, 44, 88, 26, 26, 28, 56, 6, 8, 1, 1, 2, 4, 3, 2, 4, 2, 2, 4, 4, 2, 4, 0, 3, 1, 2, 3, 1, 3, 3, 1, 1, 3, 1, 2, 0, 31.5, 52.0, 92.6, 187.5, 199.8, 384.8, 611.9, 636.5, 2085.4, 4763.2, 6590.8, 15857.9, 30873.6, 10, 11, 11, 11, 13, 15, 19, 20, 25, 28, 35, 41, 57, -16, 73, 34, 49;
-1, 53, 4, 1, 96, 64, 60, 14, 24, 26, 16, 18, 32, 8, 8, 1, 1, 4, 4, 2, 1, 2, 2, 4, 2, 4, 4, 4, 0, 1, 1, 3, 4, 3, 3, 1, 3, 1, 1, 1, 4, 0, 41.9, 65.3, 111.1, 177.9, 411.4, 574.6, 801.2, 1245.3, 2129.1, 4869.9, 7879.8, 15890.9, 37989.0, 10, 10, 10, 12, 14, 14, 20, 20, 30, 34, 34, 34, 53, -28, 39, 81, 68;
-1, 44, 4, 3, 24, 72, 69, 104, 26, 30, 40, 12, 16, 9, 6, 1, 3, 1, 4, 3, 4, 2, 3, 4, 2, 4, 3, 3, 0, 4, 1, 2, 1, 3, 2, 1, 3, 1, 2, 2, 2, 0, 28.6, 51.6, 93.4, 179.1, 451.5, 381.4, 843.4, 1586.4, 3159.0, 4122.5, 8479.8, 18390.4, 28969.0, 10, 12, 12, 14, 14, 14, 16, 21, 29, 33, 42, 44, 44, -14, 34, 58, 41;
-1, 51, 4, 4, 24, 104, 48, 32, 40, 40, 9, 48, 12, 16, 3, 2, 4, 1, 4, 3, 2, 2, 4, 1, 4, 2, 4, 1, 0, 4, 1, 2, 3, 3, 1, 4, 1, 3, 1, 4, 1, 0, 32.1, 38.4, 61.7, 100.7, 170.1, 318.3, 426.4, 600.5, 1146.5, 3379.9, 7589.7, 18980.6, 24475.9, 10, 12, 12, 12, 13, 15, 19, 25, 25, 29, 33, 46, 51, -1, 52, 47, 49;
1, 63, 4, 3, 96, 72, 40, 17, 18, 44, 28, 32, 12, 16, 8, 2, 3, 4, 4, 4, 1, 2, 4, 2, 4, 2, 4, 4, 0, 1, 1, 1, 4, 3, 1, 3, 1, 3, 1, 1, 3, 0, 31.8, 44.5, 96.5, 161.3, 412.0, 440.0, 697.5, 1544.9, 1739.9, 3845.0, 7263.9, 15612.5, 33094.5, 10, 10, 11, 11, 12, 14, 18, 24, 28, 36, 45, 45, 63, 1, 58, 37, 62;
1, 85, 4, 4, 24, 88, 112, 38, 68, 60, 39, 40, 16, 8, 8, 1, 4, 1, 4, 4, 2, 4, 4, 3, 4, 4, 2, 4, 0, 4, 1, 1, 3, 1, 1, 2, 1, 1, 3, 1, 2, 0, 25.5, 41.5, 88.9, 97.0, 242.8, 426.3, 768.9, 1199.9, 1674.6, 3388.5, 5264.6, 16749.0, 28317.9, 10, 11, 12, 12, 16, 17, 32, 35, 41, 41, 48, 63, 85, 21, 53, 33, 64;
-1, 48, 4, 4, 24, 48, 48, 16, 48, 18, 12, 12, 1, 8, 6, 1, 4, 1, 3, 3, 1, 4, 1, 3, 2, 1, 4, 3, 0, 4, 2, 2, 4, 1, 4, 2, 3, 4, 1, 2, 4, 0, 32.3, 51.2, 71.7, 116.6, 355.9, 569.6, 1052.7, 1752.0, 2621.9, 6002.9, 8051.2, 18468.5, 39906.8, 10, 12, 12, 12, 18, 18, 26, 28, 33, 40, 44, 48, 48, -13, 61, 41, 37;
-1, 39, 4, 1, 96, 22, 60, 32, 80, 40, 30, 20, 12, 20, 2, 2, 1, 4, 1, 3, 2, 4, 4, 3, 2, 3, 4, 1, 0, 1, 4, 2, 3, 1, 1, 2, 3, 2, 1, 4, 4, 0, 35.9, 39.4, 60.8, 96.2, 186.0, 379.4, 526.3, 1062.9, 1499.6, 2567.8, 6506.0, 18684.4, 35198.9, 10, 10, 12, 13, 14, 14, 14, 16, 18, 19, 20, 31, 39, -18, 57, 47, 32;
1, 53, 4, 3, 72, 54, 72, 6, 33, 4, 14, 32, 7, 8, 1, 3, 3, 3, 2, 4, 1, 3, 4, 1, 4, 1, 4, 1, 0, 2, 3, 1, 4, 2, 1, 4, 1, 4, 1, 4, 3, 0, 33.3, 51.9, 72.3, 166.3, 358.7, 415.6, 512.0, 675.1, 1354.7, 2819.0, 7661.5, 14748.6, 31737.0, 10, 10, 11, 11, 13, 16, 16, 20, 22, 31, 33, 50, 53, 11, 33, 42, 35;
1, 65, 4, 4, 48, 48, 76, 64, 63, 52, 30, 27, 18, 12, 6, 1, 4, 2, 3, 4, 4, 3, 4, 3, 3, 3, 4, 2, 0, 3, 2, 1, 1, 2, 1, 2, 2, 2, 1, 3, 2, 0, 31.2, 51.8, 75.3, 132.7, 178.9, 225.6, 421.2, 763.0, 1612.9, 3175.2, 6546.4, 17220.3, 27629.5, 10, 10, 10, 11, 11, 15, 16, 20, 26, 26, 36, 48, 65, 19, 42, 40, 46;
-1, 53, 4, 1, 96, 78, 23, 51, 12, 12, 30, 8, 7, 6, 6, 1, 1, 4, 3, 1, 3, 2, 2, 3, 2, 1, 3, 3, 0, 1, 2, 4, 2, 3, 3, 2, 3, 4, 2, 2, 4, 0, 26.0, 46.3, 90.4, 106.4, 322.4, 735.6, 898.7, 1956.9, 3025.8, 5394.8, 7696.1, 16817.8, 35676.4, 10, 10, 11, 12, 13, 16, 20, 24, 28, 36, 38, 41, 53, -5, 58, 56, 50;
