#======================================================================================
# Kingdomino AI Experiment
#--------------------------------------------------------------------------------------
# 
# Player strategy:   MCE_PG_R
# Opponent strategy: FULL_GREEDY
# 
# Max search time: 6 (s)
# Max playouts: 0
# Runs: 200
# 
# System: Linux 3.20GHz
# Output file: kdom_exp-20170410-131854-rev-13d6a7c-cpu-3.20GHz/kdom_exp_MCE_PG_R_vs_FULL_GREEDY_T6_P0.m
# 
# Executing: 'java -jar out/kdom-exp.jar MCE_PG_R FULL_GREEDY kdom_exp-20170410-131854-rev-13d6a7c-cpu-3.20GHz/kdom_exp_MCE_PG_R_vs_FULL_GREEDY_T6_P0.m 6 0'
# Git Revision: 13d6a7c
#--------------------------------------------------------------------------------------

# win, score, num_players, available_moves(13), available_draft(13), chosen_draft_position(13), playouts_per_second(13), scores(13), score_diff, opponent_scores(3)
kdom_exp_MCE_PG_R_vs_FULL_GREEDY_T6_P0 = [
1, 63, 4, 3, 72, 72, 90, 15, 16, 24, 18, 6, 8, 16, 6, 1, 3, 3, 4, 3, 1, 1, 2, 3, 2, 2, 4, 2, 0, 2, 1, 2, 4, 4, 3, 2, 3, 3, 1, 3, 4, 0, 72.4, 71.1, 108.5, 166.1, 212.5, 451.6, 694.2, 850.4, 1399.4, 2858.8, 6957.3, 18953.2, 39962.1, 10, 12, 12, 16, 17, 24, 25, 27, 34, 39, 43, 49, 63, 6, 57, 44, 36;
-1, 67, 4, 4, 48, 54, 60, 84, 16, 60, 21, 14, 32, 12, 6, 1, 4, 2, 2, 3, 3, 1, 3, 3, 2, 4, 4, 3, 0, 3, 3, 2, 2, 4, 2, 2, 3, 1, 1, 2, 2, 0, 64.8, 67.6, 90.5, 127.5, 149.6, 170.2, 397.7, 1275.5, 1568.8, 3272.1, 7107.0, 19091.8, 31068.1, 10, 11, 12, 14, 16, 17, 18, 27, 37, 40, 47, 58, 67, -2, 69, 43, 65;
1, 74, 4, 1, 96, 32, 60, 56, 78, 33, 27, 14, 9, 24, 12, 1, 1, 4, 2, 3, 2, 3, 3, 3, 2, 3, 4, 4, 0, 1, 3, 2, 3, 2, 2, 2, 3, 2, 1, 1, 4, 0, 83.8, 73.0, 80.1, 133.1, 171.3, 346.2, 507.5, 1113.8, 1784.4, 3740.1, 6712.1, 15877.2, 41704.6, 10, 10, 11, 13, 14, 16, 17, 20, 25, 38, 46, 59, 74, 5, 69, 58, 60;
-1, 70, 4, 3, 72, 63, 136, 4, 36, 5, 33, 8, 15, 9, 16, 1, 3, 3, 3, 4, 2, 2, 1, 3, 4, 3, 3, 4, 0, 2, 2, 1, 3, 3, 4, 2, 1, 2, 2, 1, 3, 0, 69.9, 64.8, 104.3, 108.0, 241.8, 407.5, 546.6, 1192.6, 1612.6, 3999.5, 6727.7, 16610.5, 34536.0, 10, 11, 12, 12, 13, 14, 18, 19, 21, 30, 36, 42, 70, -10, 80, 73, 50;
-1, 66, 4, 2, 48, 63, 42, 84, 22, 66, 1, 14, 10, 16, 2, 4, 2, 2, 3, 2, 3, 1, 3, 1, 1, 2, 4, 2, 0, 3, 2, 3, 2, 4, 2, 4, 4, 3, 1, 3, 4, 0, 68.8, 69.5, 101.1, 145.9, 235.1, 475.7, 712.5, 1574.1, 1795.4, 3500.9, 6816.9, 17691.2, 42584.1, 10, 10, 10, 12, 16, 30, 30, 30, 40, 45, 55, 61, 66, -7, 73, 62, 63;
1, 62, 4, 4, 48, 63, 34, 72, 17, 16, 21, 12, 8, 3, 8, 1, 4, 2, 3, 2, 3, 1, 4, 3, 2, 4, 1, 4, 0, 3, 2, 3, 2, 4, 1, 2, 3, 1, 4, 1, 4, 0, 68.5, 54.0, 92.2, 134.3, 150.9, 426.8, 714.6, 1043.6, 1797.1, 3389.0, 7119.1, 15646.1, 36608.8, 10, 12, 13, 13, 20, 23, 23, 29, 36, 40, 50, 51, 62, 9, 41, 51, 53;
1, 69, 4, 1, 72, 32, 108, 48, 52, 48, 21, 36, 16, 6, 8, 1, 1, 3, 2, 4, 3, 2, 3, 3, 4, 2, 3, 4, 0, 2, 3, 1, 2, 3, 2, 2, 1, 3, 2, 1, 4, 0, 64.0, 60.3, 75.0, 124.0, 156.1, 244.5, 519.4, 838.6, 2182.0, 4491.6, 6889.0, 16421.4, 35579.0, 10, 10, 11, 12, 15, 18, 24, 26, 32, 38, 38, 42, 69, 25, 41, 41, 44;
-1, 63, 4, 1, 96, 54, 12, 14, 36, 14, 48, 8, 16, 16, 2, 2, 1, 4, 3, 1, 1, 3, 1, 4, 1, 2, 4, 2, 0, 1, 2, 4, 4, 2, 4, 1, 4, 3, 1, 3, 4, 0, 75.9, 73.1, 113.2, 186.2, 294.7, 430.5, 462.0, 921.4, 1706.1, 3218.4, 6595.2, 16922.3, 41541.6, 10, 10, 11, 13, 15, 15, 24, 26, 33, 33, 36, 43, 63, -5, 43, 68, 63;
-1, 60, 4, 1, 72, 32, 48, 32, 42, 56, 56, 3, 15, 28, 10, 2, 1, 3, 2, 2, 4, 3, 4, 4, 3, 3, 4, 2, 0, 2, 3, 3, 1, 2, 1, 1, 2, 2, 1, 3, 3, 0, 80.8, 81.6, 122.3, 156.3, 214.4, 416.9, 814.4, 1446.2, 1488.0, 2412.3, 5542.0, 17665.1, 33465.2, 10, 10, 11, 14, 14, 19, 23, 31, 31, 36, 43, 56, 60, -8, 46, 68, 46;
-1, 54, 4, 4, 24, 54, 48, 72, 14, 9, 9, 40, 16, 24, 12, 2, 4, 1, 3, 4, 3, 2, 1, 3, 4, 2, 4, 4, 0, 4, 2, 1, 2, 3, 4, 2, 1, 3, 1, 1, 4, 0, 70.6, 100.6, 156.0, 170.8, 307.8, 650.3, 826.9, 977.0, 1667.3, 3515.5, 6106.3, 15564.1, 36894.5, 10, 12, 12, 12, 13, 16, 19, 21, 29, 38, 38, 41, 54, -2, 45, 56, 53;
1, 69, 4, 2, 96, 81, 63, 46, 88, 72, 48, 36, 40, 21, 9, 1, 2, 4, 3, 3, 2, 4, 4, 4, 3, 4, 3, 3, 0, 1, 2, 2, 3, 1, 1, 1, 2, 1, 2, 2, 2, 0, 84.6, 68.1, 86.1, 165.5, 168.3, 308.3, 527.6, 821.0, 1416.5, 2534.8, 7199.4, 18020.6, 33754.1, 10, 10, 13, 14, 15, 15, 17, 19, 23, 34, 46, 49, 69, 24, 31, 45, 32;
1, 69, 4, 3, 72, 29, 36, 78, 36, 24, 18, 6, 16, 32, 16, 1, 3, 3, 1, 3, 3, 2, 2, 3, 3, 4, 4, 4, 0, 2, 4, 2, 2, 3, 3, 2, 2, 1, 1, 1, 3, 0, 74.0, 65.6, 127.0, 137.7, 178.1, 289.7, 601.8, 1172.3, 1305.8, 2558.3, 5101.8, 17305.7, 36660.5, 10, 11, 12, 12, 13, 15, 20, 26, 30, 32, 40, 49, 69, 6, 49, 33, 63;
1, 73, 4, 3, 48, 48, 27, 54, 44, 24, 10, 32, 18, 6, 6, 2, 3, 2, 3, 1, 3, 2, 3, 1, 4, 3, 2, 3, 0, 3, 2, 4, 2, 3, 2, 4, 1, 2, 3, 2, 3, 0, 61.6, 56.6, 85.6, 118.2, 222.3, 257.3, 512.0, 708.1, 1941.7, 3975.0, 8946.7, 16982.5, 32033.3, 10, 11, 11, 14, 18, 19, 24, 26, 29, 39, 49, 58, 73, 16, 32, 51, 57;
-1, 58, 4, 2, 72, 54, 10, 24, 12, 11, 7, 15, 16, 12, 12, 1, 2, 3, 3, 1, 2, 1, 1, 1, 3, 4, 2, 4, 0, 2, 2, 4, 3, 4, 4, 4, 2, 1, 3, 1, 4, 0, 70.3, 80.3, 141.9, 216.8, 304.8, 492.5, 934.3, 1241.5, 1958.6, 3120.9, 7684.7, 18624.2, 42544.1, 10, 10, 10, 11, 12, 14, 18, 29, 29, 31, 41, 47, 58, -14, 72, 54, 54;
1, 60, 4, 4, 48, 63, 24, 63, 80, 24, 54, 18, 16, 18, 8, 1, 4, 2, 3, 1, 3, 4, 4, 3, 3, 2, 3, 2, 0, 3, 2, 4, 2, 1, 1, 2, 2, 3, 2, 3, 2, 0, 72.0, 55.7, 118.2, 116.5, 173.7, 357.8, 767.6, 1278.7, 2358.7, 5031.9, 10171.4, 22681.6, 35170.7, 10, 12, 14, 19, 20, 20, 26, 37, 40, 43, 47, 60, 60, 1, 38, 47, 59;
1, 65, 4, 2, 72, 58, 112, 38, 4, 42, 16, 6, 40, 2, 8, 2, 2, 3, 2, 4, 2, 1, 3, 4, 1, 4, 1, 4, 0, 2, 3, 1, 3, 4, 2, 1, 4, 1, 4, 1, 3, 0, 72.0, 56.1, 57.5, 108.6, 338.9, 355.1, 778.6, 1273.7, 1645.3, 4239.7, 7958.3, 17295.4, 34293.1, 10, 11, 12, 12, 13, 15, 25, 28, 36, 40, 51, 57, 65, 2, 63, 49, 37;
-1, 60, 4, 1, 24, 144, 24, 24, 42, 16, 18, 18, 12, 2, 8, 2, 1, 1, 4, 1, 4, 3, 2, 3, 2, 3, 1, 4, 0, 4, 1, 4, 1, 2, 3, 2, 3, 2, 4, 1, 1, 0, 68.3, 75.0, 87.5, 261.9, 388.7, 481.8, 812.0, 1030.7, 2568.9, 4294.6, 8761.1, 17148.1, 30028.9, 10, 11, 11, 12, 12, 15, 19, 21, 32, 32, 47, 47, 60, -7, 52, 67, 46;
1, 70, 4, 1, 96, 81, 66, 18, 48, 72, 38, 22, 20, 6, 12, 2, 1, 4, 3, 3, 1, 3, 4, 2, 2, 2, 2, 4, 0, 1, 2, 2, 4, 2, 1, 3, 3, 3, 3, 1, 3, 0, 90.3, 80.1, 106.1, 126.6, 177.5, 358.8, 555.4, 1159.8, 1876.1, 5192.1, 7088.1, 17269.2, 35891.9, 10, 10, 13, 14, 17, 17, 20, 31, 39, 44, 49, 52, 70, 14, 56, 46, 49;
1, 74, 4, 1, 96, 32, 104, 18, 108, 36, 18, 16, 12, 24, 4, 2, 1, 4, 2, 4, 1, 4, 2, 2, 2, 3, 4, 2, 0, 1, 3, 1, 4, 1, 3, 3, 3, 2, 1, 3, 1, 0, 78.3, 65.8, 97.8, 135.7, 127.7, 452.4, 624.4, 988.2, 1892.6, 3557.2, 7630.7, 20470.2, 29413.6, 10, 10, 11, 13, 14, 15, 23, 31, 39, 40, 58, 61, 74, 5, 53, 40, 69;
1, 70, 4, 3, 72, 81, 136, 52, 44, 48, 21, 30, 20, 8, 3, 2, 3, 3, 3, 4, 2, 2, 4, 3, 3, 4, 2, 1, 0, 2, 2, 1, 3, 3, 1, 2, 2, 1, 3, 4, 1, 0, 74.6, 68.2, 74.9, 117.9, 165.3, 322.0, 454.9, 872.3, 1637.6, 3648.6, 8006.7, 19799.8, 28124.4, 10, 11, 12, 14, 16, 19, 21, 28, 35, 39, 53, 62, 70, 3, 67, 44, 53;
-1, 66, 4, 4, 24, 64, 120, 136, 78, 57, 88, 33, 4, 4, 6, 2, 4, 1, 4, 4, 4, 3, 3, 4, 3, 4, 1, 2, 0, 4, 1, 1, 1, 2, 2, 1, 2, 1, 4, 3, 3, 0, 69.7, 70.8, 106.8, 120.4, 192.9, 317.0, 561.1, 1037.1, 2073.2, 3023.5, 7716.4, 19465.0, 35584.6, 10, 11, 11, 11, 12, 17, 19, 22, 33, 33, 46, 50, 66, -6, 65, 72, 34;
-1, 66, 4, 2, 96, 18, 50, 10, 40, 9, 72, 4, 48, 12, 4, 1, 2, 4, 1, 2, 1, 4, 1, 4, 1, 4, 3, 4, 0, 1, 4, 3, 4, 1, 4, 1, 4, 1, 2, 1, 2, 0, 67.2, 75.2, 118.1, 193.4, 365.2, 540.1, 542.2, 1002.3, 1106.3, 3696.1, 8672.2, 16947.5, 32592.5, 10, 10, 12, 13, 16, 20, 28, 28, 39, 39, 41, 48, 66, -1, 67, 57, 59;
1, 80, 4, 4, 48, 78, 120, 42, 36, 48, 22, 21, 21, 24, 4, 2, 4, 2, 3, 4, 2, 2, 4, 2, 3, 3, 4, 4, 0, 3, 2, 1, 3, 3, 1, 3, 2, 2, 1, 1, 2, 0, 68.4, 44.2, 86.4, 90.4, 226.8, 534.6, 654.0, 1241.8, 1943.0, 4460.9, 7765.9, 16814.0, 29947.9, 10, 11, 13, 13, 14, 19, 21, 28, 28, 35, 64, 64, 80, 37, 41, 39, 43;
