#======================================================================================
# Kingdomino AI Experiment
#--------------------------------------------------------------------------------------
# 
# Player strategy:   MCE_PG_R
# Opponent strategy: FULL_GREEDY
# 
# Max search time: 1 (s)
# Max playouts: 0
# Runs: 200
# 
# System: Linux 3.20GHz
# Output file: kdom_exp-20170410-131854-rev-13d6a7c-cpu-3.20GHz/kdom_exp_MCE_PG_R_vs_FULL_GREEDY_T1_P0.m
# 
# Executing: 'java -jar out/kdom-exp.jar MCE_PG_R FULL_GREEDY kdom_exp-20170410-131854-rev-13d6a7c-cpu-3.20GHz/kdom_exp_MCE_PG_R_vs_FULL_GREEDY_T1_P0.m 1 0'
# Git Revision: 13d6a7c
#--------------------------------------------------------------------------------------

# win, score, num_players, available_moves(13), available_draft(13), chosen_draft_position(13), playouts_per_second(13), scores(13), score_diff, opponent_scores(3)
kdom_exp_MCE_PG_R_vs_FULL_GREEDY_T1_P0 = [
-1, 61, 4, 3, 48, 48, 42, 40, 18, 24, 5, 27, 8, 1, 8, 1, 3, 2, 3, 3, 2, 3, 4, 1, 3, 4, 1, 2, 0, 3, 2, 2, 3, 2, 1, 4, 2, 1, 4, 3, 3, 0, 48.4, 68.0, 82.8, 185.8, 316.5, 546.2, 912.1, 765.2, 2307.3, 3482.9, 6607.7, 17765.2, 30728.5, 10, 11, 11, 14, 14, 14, 18, 28, 31, 37, 49, 54, 61, -1, 45, 50, 62;
-1, 46, 4, 3, 24, 18, 75, 96, 18, 6, 16, 24, 6, 16, 1, 2, 3, 1, 1, 3, 4, 3, 2, 2, 4, 1, 4, 1, 0, 4, 4, 2, 1, 2, 3, 3, 1, 4, 1, 4, 1, 0, 49.6, 98.7, 92.4, 151.5, 288.9, 464.9, 619.0, 1420.6, 1609.7, 2190.2, 6761.8, 17750.0, 28998.3, 10, 11, 11, 11, 13, 13, 15, 18, 20, 26, 27, 34, 46, -17, 63, 31, 63;
1, 70, 4, 3, 72, 81, 84, 128, 48, 30, 10, 27, 48, 12, 6, 2, 3, 3, 3, 3, 4, 3, 3, 1, 3, 4, 3, 2, 0, 2, 2, 2, 1, 2, 2, 4, 2, 1, 2, 3, 1, 0, 49.8, 52.5, 63.3, 85.0, 136.1, 289.5, 450.9, 585.9, 980.0, 2132.7, 7420.9, 19227.0, 26208.8, 10, 11, 13, 13, 13, 14, 16, 19, 24, 29, 39, 53, 70, 10, 42, 60, 52;
1, 73, 4, 2, 72, 64, 28, 48, 24, 64, 80, 48, 8, 12, 8, 2, 2, 3, 4, 2, 3, 2, 4, 4, 4, 1, 3, 4, 0, 2, 1, 3, 2, 3, 1, 1, 1, 4, 2, 1, 4, 0, 50.8, 79.4, 133.8, 200.8, 285.7, 427.7, 577.4, 927.2, 2137.8, 2908.1, 5786.9, 15670.3, 38779.5, 10, 11, 11, 13, 14, 15, 15, 21, 40, 46, 49, 55, 73, 19, 54, 50, 45;
-1, 49, 4, 3, 96, 104, 32, 13, 80, 9, 33, 32, 18, 6, 6, 1, 3, 4, 4, 4, 1, 4, 1, 3, 4, 3, 2, 3, 0, 1, 1, 1, 4, 1, 4, 2, 1, 2, 3, 2, 4, 0, 45.4, 61.0, 111.4, 165.4, 229.9, 469.2, 546.0, 1120.5, 1996.9, 4579.5, 8695.4, 17170.0, 33579.5, 10, 11, 11, 11, 12, 14, 17, 17, 21, 32, 37, 41, 49, -15, 64, 47, 51;
1, 67, 4, 3, 48, 104, 16, 40, 18, 17, 48, 13, 16, 8, 1, 2, 3, 2, 4, 1, 4, 2, 1, 4, 1, 4, 2, 1, 0, 3, 1, 4, 1, 3, 4, 1, 4, 1, 3, 4, 2, 0, 50.7, 52.4, 75.9, 262.1, 351.1, 411.6, 677.7, 942.9, 2180.1, 3747.0, 7391.7, 22222.5, 31147.5, 10, 11, 11, 13, 13, 17, 25, 27, 35, 43, 48, 58, 67, 11, 31, 56, 52;
-1, 45, 4, 2, 72, 81, 136, 112, 25, 8, 14, 3, 27, 6, 12, 1, 2, 3, 3, 4, 4, 1, 2, 2, 3, 3, 3, 4, 0, 2, 2, 1, 1, 4, 3, 3, 2, 2, 2, 1, 2, 0, 52.1, 51.2, 69.0, 97.8, 225.8, 499.7, 643.0, 804.5, 1411.7, 2919.7, 7146.7, 15271.5, 26913.2, 10, 10, 11, 11, 14, 16, 16, 19, 21, 26, 30, 32, 45, -10, 55, 34, 52;
-1, 47, 4, 2, 96, 120, 60, 87, 12, 3, 39, 16, 24, 6, 6, 1, 2, 4, 3, 2, 3, 3, 3, 3, 2, 3, 2, 3, 0, 1, 2, 3, 2, 2, 2, 2, 3, 2, 3, 2, 2, 0, 66.6, 69.6, 86.4, 128.9, 280.1, 395.9, 400.2, 670.3, 1215.2, 1921.5, 4670.6, 18101.4, 29616.4, 10, 10, 10, 15, 16, 16, 16, 19, 26, 28, 41, 45, 47, -22, 39, 41, 69;
-1, 51, 4, 4, 72, 36, 54, 28, 14, 40, 16, 14, 6, 8, 4, 1, 4, 3, 2, 3, 2, 2, 4, 4, 2, 2, 4, 4, 0, 2, 3, 2, 3, 3, 1, 1, 3, 3, 1, 1, 3, 0, 52.3, 63.3, 94.5, 141.9, 434.0, 546.0, 1106.0, 1643.5, 3556.0, 6986.4, 9893.8, 19063.2, 35120.8, 10, 11, 12, 12, 14, 18, 19, 21, 31, 39, 43, 51, 51, -12, 37, 63, 42;
1, 67, 4, 3, 96, 62, 78, 69, 4, 54, 26, 16, 12, 4, 16, 1, 3, 4, 2, 3, 3, 4, 3, 2, 4, 2, 1, 4, 0, 1, 3, 2, 2, 1, 2, 3, 1, 3, 4, 1, 4, 0, 45.3, 54.7, 87.1, 141.6, 287.5, 333.6, 535.3, 1193.6, 1825.1, 3294.7, 5994.8, 17191.6, 38676.9, 10, 10, 11, 12, 13, 13, 18, 26, 26, 45, 53, 61, 67, 1, 66, 44, 37;
1, 64, 4, 1, 72, 72, 30, 28, 17, 52, 36, 22, 24, 4, 4, 1, 1, 3, 2, 3, 2, 1, 4, 3, 2, 4, 4, 2, 0, 2, 3, 2, 3, 4, 1, 2, 3, 1, 1, 3, 3, 0, 58.3, 73.8, 94.8, 200.8, 243.3, 309.9, 752.8, 1009.6, 2106.4, 3790.0, 4959.5, 16860.0, 32769.4, 10, 10, 10, 11, 13, 18, 19, 27, 29, 33, 33, 49, 64, 12, 39, 42, 52;
-1, 50, 4, 4, 24, 72, 60, 40, 64, 34, 5, 6, 16, 4, 3, 2, 4, 1, 4, 2, 2, 4, 2, 1, 1, 4, 1, 3, 0, 4, 1, 3, 3, 1, 3, 4, 4, 1, 4, 2, 2, 0, 45.2, 72.4, 113.9, 129.6, 187.1, 271.3, 663.3, 1718.7, 2838.8, 4563.4, 9144.4, 19229.1, 31944.5, 10, 12, 12, 5, 5, 10, 11, 15, 18, 27, 36, 39, 50, -31, 81, 40, 51;
1, 78, 4, 4, 96, 54, 108, 112, 26, 92, 8, 56, 27, 15, 16, 2, 4, 4, 2, 3, 4, 1, 4, 4, 4, 3, 3, 4, 0, 1, 3, 2, 1, 4, 1, 1, 1, 2, 2, 1, 2, 0, 52.1, 64.6, 91.7, 134.8, 249.8, 206.5, 600.7, 798.6, 1395.8, 2478.8, 5947.6, 15637.9, 29717.3, 10, 10, 11, 11, 11, 12, 14, 14, 23, 35, 49, 55, 78, 8, 38, 70, 34;
-1, 41, 4, 2, 72, 27, 120, 14, 48, 10, 32, 24, 15, 3, 6, 2, 2, 3, 1, 4, 1, 4, 1, 4, 4, 3, 1, 3, 0, 2, 4, 1, 4, 1, 4, 1, 1, 2, 4, 2, 1, 0, 50.9, 68.1, 65.1, 136.5, 246.1, 391.4, 607.6, 945.6, 1976.3, 4491.9, 7917.3, 16774.1, 26711.9, 10, 12, 13, 13, 16, 16, 17, 19, 21, 26, 30, 32, 41, -37, 78, 44, 40;
-1, 41, 4, 1, 72, 32, 80, 28, 32, 16, 32, 16, 15, 16, 3, 1, 1, 3, 2, 4, 2, 4, 2, 4, 2, 3, 4, 1, 0, 2, 3, 1, 3, 1, 3, 1, 3, 2, 1, 4, 1, 0, 44.8, 57.9, 141.2, 216.6, 302.7, 499.9, 845.2, 1151.2, 1840.6, 4618.6, 8324.9, 20433.8, 27221.7, 10, 11, 12, 14, 15, 17, 22, 25, 31, 32, 34, 41, 41, -16, 44, 57, 48;
1, 81, 4, 3, 72, 54, 144, 58, 92, 32, 40, 40, 21, 9, 12, 2, 3, 3, 2, 4, 2, 4, 2, 4, 4, 3, 3, 3, 0, 2, 3, 1, 3, 1, 3, 1, 1, 2, 2, 2, 3, 0, 49.0, 58.9, 57.2, 123.6, 95.9, 333.8, 607.5, 880.8, 1392.5, 4037.3, 7600.0, 18508.8, 35216.6, 10, 11, 12, 14, 15, 17, 20, 22, 34, 38, 52, 58, 81, 19, 52, 62, 44;
-1, 50, 4, 2, 72, 44, 56, 72, 88, 40, 15, 48, 14, 18, 6, 1, 2, 3, 2, 4, 3, 4, 4, 1, 4, 2, 3, 3, 0, 2, 3, 1, 2, 1, 1, 4, 1, 3, 2, 2, 1, 0, 48.5, 48.8, 121.9, 90.2, 174.7, 294.5, 503.7, 781.5, 1923.6, 3340.0, 7585.0, 16777.2, 25426.0, 10, 11, 6, 6, 7, 9, 14, 20, 22, 41, 44, 50, 50, -13, 63, 54, 46;
1, 56, 4, 2, 96, 81, 54, 192, 12, 24, 17, 30, 12, 6, 12, 2, 2, 4, 3, 2, 4, 3, 3, 1, 3, 3, 3, 3, 0, 1, 2, 3, 1, 2, 2, 4, 2, 2, 2, 2, 4, 0, 46.9, 57.7, 90.2, 112.2, 225.3, 428.9, 924.1, 776.5, 1825.7, 3320.9, 5245.9, 16881.5, 34870.4, 10, 10, 11, 12, 12, 14, 18, 23, 31, 33, 35, 47, 56, 3, 36, 53, 38;
-1, 64, 4, 2, 96, 81, 64, 6, 39, 44, 8, 30, 12, 24, 6, 1, 2, 4, 3, 4, 1, 3, 4, 2, 3, 2, 4, 3, 0, 1, 2, 1, 4, 2, 1, 3, 2, 3, 1, 2, 3, 0, 49.0, 61.8, 81.0, 132.9, 203.7, 327.9, 591.4, 841.2, 1250.4, 3247.1, 8048.1, 18700.7, 34064.6, 10, 10, 11, 11, 13, 13, 16, 23, 29, 33, 47, 50, 64, -2, 66, 48, 46;
-1, 50, 4, 4, 48, 48, 32, 23, 8, 32, 36, 32, 12, 8, 4, 2, 4, 2, 3, 4, 1, 2, 4, 3, 2, 3, 2, 2, 0, 3, 2, 1, 4, 3, 1, 2, 3, 2, 3, 3, 1, 0, 43.8, 63.8, 122.1, 160.9, 366.0, 539.4, 636.8, 1269.1, 2176.1, 3712.6, 8421.3, 18102.2, 25236.9, 10, 11, 11, 11, 14, 16, 18, 20, 25, 29, 34, 45, 50, -9, 53, 44, 59;
-1, 54, 4, 3, 72, 88, 72, 112, 36, 48, 40, 27, 14, 9, 3, 2, 3, 3, 4, 4, 4, 2, 4, 4, 3, 2, 3, 1, 0, 2, 1, 1, 1, 3, 1, 1, 2, 3, 2, 4, 1, 0, 47.9, 58.9, 101.9, 155.0, 173.5, 267.9, 499.2, 803.7, 1073.8, 2675.4, 6405.0, 20698.4, 27197.3, 10, 10, 11, 13, 13, 15, 15, 17, 18, 26, 34, 43, 54, -8, 56, 62, 55;
-1, 49, 4, 1, 96, 54, 22, 92, 64, 30, 33, 14, 18, 16, 6, 2, 1, 4, 3, 1, 4, 4, 2, 3, 2, 3, 4, 2, 0, 1, 2, 4, 1, 1, 3, 2, 3, 2, 1, 3, 2, 0, 48.7, 54.7, 82.0, 100.2, 211.0, 260.0, 379.9, 678.8, 1582.8, 2525.9, 6530.9, 18317.9, 29151.5, 10, 10, 10, 11, 2, 5, 8, 8, 14, 16, 17, 25, 49, -4, 53, 43, 49;
-1, 44, 4, 4, 24, 42, 64, 54, 42, 88, 96, 18, 16, 1, 16, 1, 4, 1, 2, 4, 3, 2, 4, 4, 2, 4, 1, 4, 0, 4, 3, 1, 2, 3, 1, 1, 3, 1, 4, 1, 2, 0, 44.9, 59.6, 114.7, 109.5, 195.4, 309.2, 493.9, 940.9, 2727.5, 3749.8, 6386.9, 16388.6, 28510.8, 10, 12, 12, 12, 13, 16, 20, 24, 25, 27, 33, 35, 44, -21, 41, 41, 65;
