#======================================================================================
# Kingdomino AI Experiment
#--------------------------------------------------------------------------------------
# 
# Player strategy:   MCE_PG_R
# Opponent strategy: FULL_GREEDY
# 
# Max search time: 4 (s)
# Max playouts: 0
# Runs: 200
# 
# System: Linux 3.20GHz
# Output file: kdom_exp-20170410-131854-rev-13d6a7c-cpu-3.20GHz/kdom_exp_MCE_PG_R_vs_FULL_GREEDY_T4_P0.m
# 
# Executing: 'java -jar out/kdom-exp.jar MCE_PG_R FULL_GREEDY kdom_exp-20170410-131854-rev-13d6a7c-cpu-3.20GHz/kdom_exp_MCE_PG_R_vs_FULL_GREEDY_T4_P0.m 4 0'
# Git Revision: 13d6a7c
#--------------------------------------------------------------------------------------

# win, score, num_players, available_moves(13), available_draft(13), chosen_draft_position(13), playouts_per_second(13), scores(13), score_diff, opponent_scores(3)
kdom_exp_MCE_PG_R_vs_FULL_GREEDY_T4_P0 = [
-1, 59, 4, 4, 24, 66, 45, 17, 48, 5, 52, 24, 7, 16, 4, 1, 4, 1, 3, 3, 1, 3, 1, 4, 2, 1, 4, 4, 0, 4, 2, 2, 4, 2, 4, 1, 3, 4, 1, 1, 4, 0, 71.1, 58.7, 93.9, 230.9, 393.0, 431.0, 629.0, 1201.7, 3389.2, 4989.9, 8927.1, 18166.0, 39464.1, 10, 13, 13, 15, 22, 24, 26, 28, 34, 43, 45, 45, 59, -16, 75, 65, 44;
1, 55, 4, 3, 72, 104, 28, 42, 28, 2, 20, 12, 12, 18, 9, 2, 3, 3, 4, 2, 3, 2, 1, 2, 3, 2, 3, 3, 0, 2, 1, 3, 2, 3, 4, 3, 2, 3, 2, 2, 3, 0, 66.7, 59.1, 105.2, 183.0, 275.4, 611.3, 876.2, 1626.4, 2537.3, 3299.3, 6807.4, 18457.4, 36716.6, 10, 11, 11, 12, 17, 18, 22, 23, 32, 33, 35, 44, 55, 9, 45, 42, 46;
1, 73, 4, 1, 96, 48, 50, 24, 51, 54, 4, 56, 14, 15, 6, 1, 1, 4, 3, 2, 4, 3, 3, 1, 4, 2, 3, 2, 0, 1, 2, 3, 1, 2, 2, 4, 1, 3, 2, 3, 4, 0, 71.0, 62.9, 90.5, 148.7, 301.7, 334.2, 553.5, 701.5, 1402.0, 1640.2, 7104.6, 19478.3, 39850.2, 10, 10, 11, 14, 14, 16, 16, 22, 24, 37, 49, 63, 73, 7, 55, 54, 66;
1, 75, 4, 1, 96, 48, 72, 40, 64, 68, 40, 48, 6, 8, 3, 1, 1, 4, 3, 3, 2, 4, 4, 4, 4, 1, 2, 1, 0, 1, 2, 2, 3, 1, 1, 1, 1, 4, 3, 4, 2, 0, 76.2, 74.7, 79.9, 132.7, 197.2, 309.5, 738.7, 786.9, 1520.8, 2751.7, 8103.2, 19678.4, 29537.1, 10, 10, 11, 13, 18, 22, 25, 27, 31, 41, 51, 63, 75, 22, 26, 50, 53;
-1, 58, 4, 2, 72, 62, 24, 32, 64, 56, 30, 12, 8, 4, 2, 2, 2, 3, 2, 2, 2, 4, 4, 3, 2, 2, 2, 2, 0, 2, 3, 3, 3, 1, 1, 2, 3, 3, 3, 3, 1, 0, 70.2, 69.5, 79.0, 181.1, 219.6, 374.9, 663.9, 1169.4, 1948.1, 5780.1, 12201.5, 21290.3, 29137.2, 10, 10, 16, 17, 19, 19, 19, 25, 42, 49, 58, 58, 58, -5, 40, 63, 50;
-1, 55, 4, 4, 72, 22, 128, 120, 44, 64, 30, 4, 16, 9, 1, 1, 4, 3, 1, 4, 4, 2, 4, 2, 1, 4, 3, 1, 0, 2, 4, 1, 1, 3, 1, 3, 4, 1, 2, 4, 1, 0, 65.6, 54.2, 73.2, 102.4, 193.3, 479.3, 608.8, 1318.7, 2353.0, 5229.1, 10194.7, 21659.5, 28524.4, 10, 11, 13, 13, 17, 25, 25, 35, 37, 37, 49, 55, 55, -5, 60, 47, 37;
1, 65, 4, 1, 96, 27, 69, 84, 32, 40, 48, 52, 16, 18, 6, 1, 1, 4, 1, 3, 4, 2, 4, 3, 4, 2, 3, 2, 0, 1, 4, 2, 1, 3, 1, 2, 1, 3, 2, 3, 2, 0, 62.5, 65.7, 67.8, 115.4, 175.4, 439.7, 574.7, 905.9, 1502.7, 3207.4, 4894.2, 19138.4, 31017.6, 10, 10, 11, 14, 15, 26, 28, 33, 39, 44, 44, 54, 65, 1, 41, 64, 55;
1, 67, 4, 3, 96, 64, 40, 78, 26, 32, 39, 48, 32, 18, 6, 1, 3, 4, 4, 4, 3, 2, 4, 3, 4, 4, 3, 3, 0, 1, 1, 1, 2, 3, 1, 2, 1, 1, 2, 2, 2, 0, 71.3, 82.5, 153.5, 200.3, 269.2, 369.2, 425.7, 721.7, 1146.2, 2749.2, 6078.6, 17137.9, 29481.3, 10, 10, 10, 10, 13, 14, 16, 17, 19, 20, 22, 39, 67, 14, 53, 50, 33;
-1, 43, 4, 4, 48, 81, 36, 96, 13, 27, 24, 21, 4, 15, 8, 3, 4, 2, 3, 3, 4, 1, 3, 3, 3, 4, 3, 4, 0, 3, 2, 2, 1, 4, 2, 2, 2, 1, 2, 1, 2, 0, 62.3, 47.0, 70.4, 97.7, 177.6, 371.9, 666.2, 991.8, 1722.7, 1642.1, 4685.7, 12632.9, 27396.6, 10, 11, 11, 11, 13, 17, 17, 26, 27, 27, 32, 34, 43, -5, 48, 42, 47;
1, 57, 4, 3, 72, 36, 46, 72, 48, 14, 24, 18, 12, 16, 8, 1, 3, 3, 2, 2, 3, 3, 2, 3, 2, 2, 4, 4, 0, 2, 3, 3, 2, 2, 3, 2, 3, 3, 1, 1, 3, 0, 67.7, 55.6, 82.9, 94.2, 150.7, 341.9, 479.7, 901.8, 1645.8, 4868.4, 6991.6, 17467.5, 33720.8, 10, 11, 13, 16, 16, 18, 21, 25, 33, 35, 41, 46, 57, 1, 56, 42, 33;
1, 66, 4, 4, 48, 144, 168, 58, 39, 57, 27, 9, 16, 10, 16, 1, 4, 2, 4, 4, 2, 3, 3, 3, 3, 4, 2, 4, 0, 3, 1, 1, 3, 2, 2, 2, 2, 1, 3, 1, 3, 0, 63.2, 52.3, 71.1, 93.6, 210.7, 245.7, 475.8, 920.4, 1648.6, 2929.7, 5823.2, 15729.4, 31160.4, 10, 11, 11, 11, 12, 13, 16, 22, 27, 33, 44, 46, 66, 2, 45, 64, 46;
-1, 50, 4, 3, 24, 88, 48, 21, 64, 18, 48, 27, 12, 6, 6, 2, 3, 1, 4, 3, 1, 4, 2, 4, 3, 2, 1, 3, 0, 4, 1, 2, 4, 1, 3, 1, 2, 3, 4, 2, 1, 0, 59.4, 47.0, 108.9, 151.5, 114.0, 296.7, 535.2, 853.3, 1758.2, 3718.0, 7305.4, 18821.3, 29821.0, 10, 11, 11, 11, 11, 11, 13, 13, 16, 24, 25, 42, 50, -14, 40, 41, 64;
1, 57, 4, 1, 96, 18, 80, 6, 16, 8, 8, 22, 12, 16, 8, 2, 1, 4, 1, 4, 3, 4, 2, 4, 2, 3, 4, 4, 0, 1, 4, 1, 2, 1, 3, 1, 3, 2, 1, 1, 3, 0, 92.8, 93.8, 122.3, 253.6, 511.2, 572.6, 1017.0, 1332.9, 2394.9, 4062.2, 8400.7, 17865.8, 35971.6, 10, 10, 12, 12, 13, 15, 20, 24, 27, 33, 37, 41, 57, 6, 45, 48, 51;
1, 77, 4, 3, 72, 72, 16, 18, 80, 33, 22, 64, 33, 22, 24, 2, 3, 3, 4, 1, 1, 4, 3, 2, 4, 3, 2, 4, 0, 2, 1, 4, 4, 1, 2, 3, 1, 2, 3, 1, 3, 0, 70.7, 73.5, 109.0, 206.4, 244.0, 375.7, 499.2, 1034.2, 1562.2, 3743.4, 8299.9, 18383.1, 37951.7, 10, 10, 11, 13, 14, 16, 20, 21, 32, 42, 47, 55, 77, 3, 74, 51, 37;
1, 59, 4, 2, 72, 44, 8, 104, 54, 24, 24, 40, 6, 8, 12, 2, 2, 3, 2, 1, 4, 3, 4, 2, 4, 2, 2, 4, 0, 2, 3, 4, 1, 2, 1, 3, 1, 3, 3, 1, 2, 0, 68.4, 63.9, 112.5, 181.7, 211.6, 469.7, 650.7, 866.5, 2135.4, 3807.5, 7083.2, 16739.4, 29580.6, 10, 11, 12, 14, 14, 17, 19, 26, 28, 35, 37, 39, 59, 6, 53, 51, 37;
-1, 45, 4, 1, 72, 44, 136, 30, 108, 44, 39, 32, 20, 6, 1, 1, 1, 3, 2, 4, 2, 4, 2, 3, 2, 2, 2, 1, 0, 2, 3, 1, 3, 1, 3, 2, 3, 3, 3, 4, 1, 0, 67.7, 64.9, 82.8, 112.8, 137.9, 229.3, 439.7, 731.4, 1926.7, 3963.0, 10879.2, 21505.1, 27966.0, 10, 10, 11, 13, 14, 16, 20, 22, 31, 34, 40, 45, 45, -27, 60, 72, 34;
-1, 58, 4, 2, 72, 16, 40, 69, 36, 14, 40, 48, 18, 8, 16, 1, 2, 3, 1, 2, 3, 3, 1, 4, 4, 3, 4, 4, 0, 2, 4, 3, 2, 2, 4, 1, 1, 2, 1, 1, 4, 0, 73.6, 61.4, 111.9, 123.4, 196.1, 346.9, 309.8, 911.8, 2052.3, 3772.2, 8269.1, 17532.7, 41432.2, 10, 11, 12, 12, 13, 16, 17, 20, 22, 32, 32, 48, 58, -2, 60, 51, 50;
-1, 55, 4, 1, 96, 16, 40, 16, 22, 40, 27, 12, 32, 16, 16, 1, 1, 4, 1, 4, 2, 2, 4, 3, 3, 4, 4, 4, 0, 1, 4, 1, 3, 3, 1, 2, 2, 1, 1, 1, 4, 0, 76.5, 68.2, 188.7, 225.1, 296.0, 532.7, 775.1, 1304.2, 2197.4, 3962.2, 8817.5, 17134.2, 37438.1, 10, 10, 13, 13, 14, 17, 17, 21, 30, 32, 39, 43, 55, -9, 40, 64, 38;
1, 75, 4, 4, 24, 104, 48, 20, 76, 14, 16, 18, 5, 16, 3, 1, 4, 1, 4, 2, 1, 4, 1, 4, 3, 1, 4, 1, 0, 4, 1, 3, 4, 1, 4, 1, 2, 4, 1, 4, 2, 0, 64.6, 70.2, 102.5, 196.4, 137.0, 350.4, 682.5, 1034.2, 1583.2, 2728.5, 8291.0, 20854.4, 29675.1, 10, 13, 13, 17, 24, 24, 25, 25, 30, 52, 55, 69, 75, 20, 55, 49, 49;
-1, 54, 4, 4, 48, 104, 22, 100, 104, 76, 22, 18, 21, 10, 1, 1, 4, 2, 4, 1, 4, 4, 4, 2, 3, 3, 2, 1, 0, 3, 1, 4, 1, 1, 1, 3, 2, 2, 3, 4, 1, 0, 68.7, 50.9, 84.5, 72.3, 221.2, 329.8, 524.7, 997.7, 1659.1, 3932.1, 10174.6, 22257.3, 29135.1, 10, 11, 11, 12, 12, 14, 19, 24, 31, 42, 51, 54, 54, -8, 62, 43, 45;
-1, 56, 4, 3, 48, 48, 42, 44, 14, 33, 20, 9, 15, 4, 8, 1, 3, 2, 3, 2, 2, 1, 3, 4, 1, 3, 1, 4, 0, 3, 2, 3, 3, 4, 2, 1, 4, 2, 4, 1, 4, 0, 63.6, 91.9, 126.7, 193.4, 260.8, 413.4, 954.0, 1248.4, 2032.9, 4007.4, 7511.7, 16084.5, 36101.3, 10, 12, 12, 15, 16, 18, 18, 20, 31, 32, 41, 43, 56, -10, 46, 66, 42;
-1, 61, 4, 1, 48, 104, 32, 54, 40, 104, 28, 40, 12, 8, 6, 1, 1, 2, 4, 2, 3, 2, 4, 2, 4, 2, 2, 2, 0, 3, 1, 3, 2, 3, 1, 3, 1, 3, 3, 3, 2, 0, 59.7, 67.4, 104.5, 133.7, 178.0, 282.7, 512.7, 685.0, 1694.0, 3053.2, 6016.1, 19392.3, 31099.2, 10, 10, 10, 11, 11, 12, 17, 21, 23, 29, 37, 46, 61, -4, 39, 44, 65;
1, 66, 4, 1, 48, 144, 56, 63, 18, 32, 24, 20, 48, 5, 3, 2, 1, 2, 4, 2, 3, 3, 2, 4, 2, 4, 1, 3, 0, 3, 1, 3, 2, 2, 3, 1, 3, 1, 4, 2, 3, 0, 66.1, 84.4, 85.2, 115.9, 255.7, 497.7, 797.6, 1048.6, 1788.9, 4393.2, 8642.9, 15036.2, 31835.9, 10, 11, 11, 12, 13, 16, 23, 26, 28, 42, 58, 58, 66, 14, 43, 38, 52;
