#======================================================================================
# Kingdomino AI Experiment
#--------------------------------------------------------------------------------------
# 
# Player strategy:   MCE_PG_R
# Opponent strategy: FULL_GREEDY
# 
# Max search time: 0.1 (s)
# Max playouts: 0
# Runs: 200
# 
# System: Linux 3.20GHz
# Output file: kdom_exp-20170410-131854-rev-13d6a7c-cpu-3.20GHz/kdom_exp_MCE_PG_R_vs_FULL_GREEDY_T0.1_P0.m
# 
# Executing: 'java -jar out/kdom-exp.jar MCE_PG_R FULL_GREEDY kdom_exp-20170410-131854-rev-13d6a7c-cpu-3.20GHz/kdom_exp_MCE_PG_R_vs_FULL_GREEDY_T0.1_P0.m 0.1 0'
# Git Revision: 13d6a7c
#--------------------------------------------------------------------------------------

# win, score, num_players, available_moves(13), available_draft(13), chosen_draft_position(13), playouts_per_second(13), scores(13), score_diff, opponent_scores(3)
kdom_exp_MCE_PG_R_vs_FULL_GREEDY_T0_1_P0 = [
-1, 41, 4, 3, 96, 64, 112, 63, 18, 2, 104, 8, 24, 1, 3, 2, 3, 4, 4, 4, 3, 2, 2, 4, 1, 4, 1, 1, 0, 1, 1, 1, 2, 3, 3, 1, 4, 1, 4, 4, 2, 0, 16.2, 38.5, 49.9, 69.8, 156.1, 258.2, 400.9, 708.1, 1123.2, 1545.8, 6582.7, 12630.1, 27195.8, 10, 10, 10, 10, 11, 12, 12, 12, 19, 21, 31, 33, 41, -9, 47, 50, 42;
-1, 30, 4, 1, 96, 62, 20, 16, 12, 72, 51, 10, 16, 12, 4, 1, 1, 4, 2, 2, 4, 1, 4, 3, 2, 4, 3, 2, 0, 1, 3, 3, 1, 4, 1, 2, 3, 1, 2, 3, 1, 0, 8.7, 39.5, 50.0, 142.8, 212.0, 317.0, 526.2, 785.2, 1447.5, 3089.6, 6575.3, 15857.5, 24497.7, 10, 10, 11, 13, 13, 15, 5, 12, 14, 16, 27, 30, 30, -36, 66, 26, 55;
-1, 51, 4, 2, 72, 63, 112, 48, 13, 84, 66, 40, 5, 3, 12, 1, 2, 3, 3, 4, 2, 1, 4, 3, 4, 1, 1, 3, 0, 2, 2, 1, 3, 4, 1, 2, 1, 4, 4, 2, 4, 0, 17.5, 45.1, 65.8, 132.8, 157.7, 169.9, 533.4, 717.9, 2147.2, 4687.2, 8418.6, 16844.3, 36096.5, 10, 10, 11, 11, 15, 17, 18, 24, 26, 30, 32, 38, 51, -5, 56, 47, 39;
-1, 45, 4, 4, 72, 36, 72, 40, 18, 39, 7, 14, 24, 9, 2, 1, 4, 3, 2, 4, 2, 3, 3, 1, 2, 4, 3, 2, 0, 2, 3, 1, 3, 2, 2, 4, 3, 1, 2, 3, 2, 0, 16.8, 37.8, 49.8, 139.1, 185.1, 374.1, 690.9, 1286.7, 1737.0, 3089.0, 7519.4, 19794.0, 29263.1, 10, 11, 12, 12, 14, 14, 14, 22, 22, 25, 31, 39, 45, -17, 62, 49, 41;
-1, 41, 4, 3, 48, 108, 32, 40, 10, 36, 33, 6, 12, 6, 6, 2, 3, 2, 4, 2, 4, 1, 4, 3, 1, 3, 2, 3, 0, 3, 1, 3, 1, 4, 1, 2, 4, 2, 3, 2, 2, 0, 15.5, 34.4, 53.3, 97.7, 136.5, 283.2, 467.6, 709.0, 1356.2, 4972.9, 8185.7, 16562.8, 26045.3, 10, 10, 11, 13, 13, 15, 15, 16, 23, 23, 28, 34, 41, -34, 74, 43, 75;
-1, 40, 4, 2, 72, 32, 24, 44, 24, 72, 54, 33, 32, 27, 8, 2, 2, 3, 2, 3, 2, 2, 4, 3, 3, 4, 3, 4, 0, 2, 3, 2, 3, 3, 1, 2, 2, 1, 2, 1, 2, 0, 13.5, 32.8, 76.7, 147.8, 203.7, 441.9, 533.7, 680.6, 1106.1, 2617.9, 5295.0, 13276.7, 26913.0, 10, 10, 12, 13, 13, 16, 18, 10, 15, 17, 24, 26, 40, -31, 71, 48, 50;
-1, 56, 4, 1, 96, 58, 78, 36, 16, 51, 7, 32, 8, 2, 8, 1, 1, 4, 2, 3, 2, 4, 3, 1, 4, 2, 1, 4, 0, 1, 3, 2, 3, 1, 2, 4, 1, 3, 4, 1, 4, 0, 7.3, 33.8, 33.6, 126.9, 169.1, 495.9, 768.0, 1105.6, 2081.8, 5019.5, 8497.0, 16191.1, 32805.6, 10, 10, 11, 11, 18, 18, 25, 28, 34, 45, 48, 48, 56, -4, 51, 60, 48;
-1, 38, 4, 4, 48, 63, 78, 88, 64, 42, 24, 12, 4, 8, 4, 2, 4, 2, 3, 3, 4, 4, 3, 2, 3, 2, 4, 4, 0, 3, 2, 2, 1, 1, 2, 3, 2, 3, 1, 1, 3, 0, 8.1, 17.5, 57.1, 69.3, 96.1, 286.0, 769.4, 986.6, 3146.2, 5770.0, 7496.0, 17516.6, 31103.8, 10, 11, 4, 5, 5, 5, 9, 24, 24, 26, 34, 34, 38, -24, 45, 62, 39;
-1, 41, 4, 3, 72, 36, 42, 32, 32, 12, 8, 14, 40, 5, 9, 1, 3, 3, 2, 2, 2, 4, 3, 4, 2, 4, 1, 3, 0, 2, 3, 3, 3, 1, 2, 1, 3, 1, 4, 2, 2, 0, 15.3, 39.5, 68.0, 113.7, 159.2, 585.5, 788.2, 1054.5, 2250.9, 4010.0, 6257.1, 16255.5, 24286.9, 10, 10, 11, 12, 12, 12, 14, 14, 18, 20, 28, 30, 41, -21, 49, 41, 62;
-1, 56, 4, 3, 48, 104, 48, 20, 56, 28, 39, 21, 32, 5, 8, 2, 3, 2, 4, 2, 1, 4, 2, 3, 3, 4, 1, 4, 0, 3, 1, 3, 4, 1, 3, 2, 2, 1, 4, 1, 4, 0, 14.8, 32.3, 58.7, 117.7, 166.0, 307.7, 513.7, 824.2, 1383.8, 2361.7, 7273.7, 14222.8, 38894.8, 10, 11, 13, 14, 16, 18, 20, 26, 31, 33, 45, 49, 56, -11, 50, 64, 67;
-1, 45, 4, 1, 96, 18, 69, 12, 88, 8, 60, 64, 42, 10, 6, 2, 1, 4, 1, 3, 3, 4, 1, 4, 4, 3, 2, 2, 0, 1, 4, 2, 2, 1, 4, 1, 1, 2, 3, 3, 2, 0, 15.4, 48.6, 50.5, 135.3, 173.5, 402.9, 402.9, 967.8, 2038.0, 4024.6, 5774.5, 16515.6, 27552.6, 10, 10, 11, 12, 12, 14, 17, 18, 20, 23, 27, 36, 45, -9, 54, 54, 39;
-1, 44, 4, 2, 96, 27, 75, 54, 16, 48, 48, 40, 3, 10, 9, 1, 2, 4, 1, 3, 2, 4, 3, 4, 4, 3, 2, 3, 0, 1, 4, 2, 3, 1, 2, 1, 1, 2, 3, 2, 4, 0, 17.5, 48.2, 34.8, 85.7, 144.0, 187.6, 419.8, 1053.0, 1778.0, 2157.7, 5762.6, 14228.2, 30179.7, 10, 10, 12, 12, 3, 3, 6, 10, 14, 14, 28, 38, 44, -26, 70, 36, 48;
-1, 41, 4, 2, 96, 72, 40, 64, 48, 10, 4, 32, 15, 8, 1, 1, 2, 4, 4, 4, 4, 4, 1, 2, 4, 3, 2, 1, 0, 1, 1, 1, 1, 1, 4, 3, 1, 2, 3, 4, 1, 0, 16.6, 39.6, 87.7, 109.8, 241.0, 495.1, 1182.5, 1222.3, 2080.1, 3918.4, 8267.1, 19726.5, 25106.9, 10, 11, 11, 11, 11, 11, 17, 17, 19, 24, 31, 41, 41, -14, 55, 31, 49;
-1, 40, 4, 4, 96, 81, 36, 60, 16, 68, 68, 3, 40, 5, 8, 2, 4, 4, 3, 3, 3, 4, 4, 4, 3, 4, 1, 4, 0, 1, 2, 2, 2, 1, 1, 1, 2, 1, 4, 1, 1, 0, 9.4, 28.7, 63.0, 118.1, 184.0, 345.9, 448.2, 998.5, 1465.7, 2898.6, 7178.8, 14180.8, 24411.5, 10, 10, 11, 11, 12, 12, 16, 20, 20, 28, 34, 38, 40, -19, 59, 44, 51;
-1, 42, 4, 4, 24, 104, 72, 34, 120, 69, 40, 3, 40, 21, 18, 2, 4, 1, 4, 3, 2, 4, 3, 4, 3, 4, 3, 3, 0, 4, 1, 2, 3, 1, 2, 1, 2, 1, 2, 2, 3, 0, 14.8, 38.4, 33.7, 128.7, 87.4, 196.4, 492.0, 886.2, 855.4, 2062.1, 6047.4, 10662.2, 32037.7, 10, 11, 11, 14, 16, 16, 17, 19, 19, 21, 35, 39, 42, -13, 43, 55, 42;
-1, 41, 4, 2, 96, 63, 60, 28, 6, 12, 14, 8, 12, 18, 8, 1, 2, 4, 3, 3, 2, 3, 2, 2, 2, 2, 3, 4, 0, 1, 2, 2, 3, 2, 3, 3, 3, 3, 2, 1, 4, 0, 6.0, 24.3, 46.3, 126.5, 248.3, 444.8, 577.5, 1268.1, 1434.1, 3512.6, 6688.6, 11257.9, 34853.1, 10, 11, 11, 11, 12, 12, 15, 18, 18, 22, 25, 31, 41, -29, 64, 70, 60;
-1, 56, 4, 1, 96, 54, 136, 20, 33, 39, 24, 16, 24, 24, 3, 1, 1, 4, 3, 4, 2, 3, 3, 2, 4, 3, 4, 1, 0, 1, 2, 1, 3, 2, 2, 3, 1, 2, 1, 4, 3, 0, 19.5, 44.0, 42.0, 115.4, 234.4, 410.5, 587.8, 1008.4, 1413.5, 2308.4, 6489.9, 18716.0, 32231.7, 10, 10, 12, 12, 13, 17, 20, 20, 22, 28, 36, 46, 56, -21, 77, 54, 55;
-1, 31, 4, 2, 72, 64, 30, 64, 24, 32, 33, 27, 4, 4, 3, 2, 2, 3, 4, 1, 2, 4, 2, 3, 3, 4, 4, 3, 0, 2, 1, 4, 3, 1, 3, 2, 2, 1, 1, 2, 3, 0, 17.3, 45.0, 77.8, 91.1, 248.7, 449.2, 906.8, 1078.2, 3350.9, 3449.8, 5259.1, 14379.9, 29232.0, 10, 10, 10, 11, 2, 2, 4, 11, 18, 21, 21, 25, 31, -27, 58, 44, 50;
-1, 57, 4, 4, 24, 54, 60, 16, 40, 30, 15, 12, 15, 16, 3, 1, 4, 1, 3, 2, 2, 4, 2, 3, 3, 3, 4, 1, 0, 4, 2, 3, 3, 1, 3, 2, 2, 2, 1, 4, 2, 0, 9.8, 29.1, 69.2, 107.2, 182.8, 332.7, 578.7, 888.7, 1456.8, 3105.8, 7377.0, 18826.8, 28421.7, 10, 12, 12, 13, 15, 17, 20, 22, 24, 32, 34, 41, 57, -7, 48, 44, 64;
-1, 41, 4, 2, 72, 63, 38, 28, 48, 36, 27, 9, 24, 8, 4, 2, 2, 3, 3, 2, 2, 3, 3, 3, 1, 4, 4, 1, 0, 2, 2, 3, 3, 2, 2, 2, 4, 1, 1, 4, 2, 0, 16.5, 14.3, 45.5, 73.2, 155.1, 188.3, 423.1, 1255.3, 2445.3, 3656.9, 6153.3, 16316.1, 27155.0, 10, 11, 11, 12, 13, 14, 14, 16, 19, 19, 21, 35, 41, -38, 79, 28, 37;
-1, 44, 4, 4, 24, 104, 14, 48, 14, 56, 36, 4, 20, 3, 9, 2, 4, 1, 4, 1, 4, 1, 4, 3, 1, 4, 1, 3, 0, 4, 1, 4, 1, 4, 1, 2, 4, 1, 4, 2, 4, 0, 9.1, 24.0, 45.4, 130.9, 174.4, 259.9, 518.1, 777.0, 1173.1, 3610.2, 5323.2, 9838.2, 33540.1, 10, 11, 1, 3, 4, 8, 8, 12, 14, 17, 25, 32, 44, -7, 38, 51, 44;
-1, 52, 4, 4, 96, 27, 72, 48, 24, 7, 8, 12, 24, 8, 1, 1, 4, 4, 1, 3, 4, 4, 1, 4, 2, 4, 2, 1, 0, 1, 4, 2, 1, 1, 4, 1, 3, 1, 3, 4, 2, 0, 17.0, 36.5, 49.2, 93.0, 145.2, 390.7, 663.1, 707.4, 1500.0, 2409.0, 5456.9, 16715.9, 28247.0, 10, 10, 13, 17, 17, 17, 19, 23, 33, 34, 37, 46, 52, -11, 55, 63, 57;
-1, 55, 4, 3, 24, 78, 57, 48, 60, 88, 60, 10, 12, 12, 24, 2, 3, 1, 3, 3, 3, 3, 4, 4, 2, 2, 2, 4, 0, 4, 2, 2, 2, 2, 1, 1, 3, 3, 3, 1, 2, 0, 9.0, 26.8, 57.7, 94.0, 83.3, 254.8, 464.9, 614.5, 1520.9, 2960.3, 6355.6, 12358.8, 29168.2, 10, 10, 12, 13, 14, 15, 15, 17, 19, 30, 32, 38, 55, -10, 32, 65, 44;
