#======================================================================================
# Kingdomino AI Experiment
#--------------------------------------------------------------------------------------
# 
# Player strategy:   MCE_PG_R
# Opponent strategy: FULL_GREEDY
# 
# Max search time: 0.2 (s)
# Max playouts: 0
# Runs: 200
# 
# System: Linux 3.20GHz
# Output file: kdom_exp-20170410-131854-rev-13d6a7c-cpu-3.20GHz/kdom_exp_MCE_PG_R_vs_FULL_GREEDY_T0.2_P0.m
# 
# Executing: 'java -jar out/kdom-exp.jar MCE_PG_R FULL_GREEDY kdom_exp-20170410-131854-rev-13d6a7c-cpu-3.20GHz/kdom_exp_MCE_PG_R_vs_FULL_GREEDY_T0.2_P0.m 0.2 0'
# Git Revision: 13d6a7c
#--------------------------------------------------------------------------------------

# win, score, num_players, available_moves(13), available_draft(13), chosen_draft_position(13), playouts_per_second(13), scores(13), score_diff, opponent_scores(3)
kdom_exp_MCE_PG_R_vs_FULL_GREEDY_T0_2_P0 = [
1, 60, 4, 4, 96, 16, 42, 88, 12, 54, 7, 27, 18, 8, 2, 1, 4, 4, 1, 3, 4, 1, 3, 1, 3, 3, 2, 1, 0, 1, 4, 2, 1, 4, 2, 4, 2, 2, 3, 4, 4, 0, 23.6, 47.4, 77.5, 147.1, 177.2, 294.7, 390.2, 1006.6, 1936.0, 3803.7, 7937.1, 18906.0, 32234.2, 10, 10, 13, 13, 13, 20, 22, 30, 30, 34, 37, 53, 60, 4, 56, 45, 48;
1, 62, 4, 3, 96, 62, 23, 120, 136, 57, 48, 9, 44, 10, 8, 2, 3, 4, 2, 1, 4, 4, 3, 3, 1, 4, 2, 4, 0, 1, 3, 4, 1, 1, 2, 2, 4, 1, 3, 1, 3, 0, 24.2, 39.7, 81.0, 104.2, 115.2, 233.5, 553.4, 824.7, 930.0, 4193.4, 9481.6, 16058.6, 33852.0, 10, 10, 1, 4, 4, 4, 9, 23, 24, 37, 43, 43, 62, 9, 53, 46, 47;
-1, 30, 4, 4, 96, 81, 42, 48, 56, 4, 22, 16, 8, 6, 8, 2, 4, 4, 3, 3, 3, 2, 4, 2, 2, 2, 1, 2, 0, 1, 2, 2, 2, 3, 1, 3, 3, 3, 4, 3, 1, 0, 25.0, 44.2, 78.0, 126.2, 196.4, 449.0, 392.8, 676.5, 1634.3, 2589.1, 4393.3, 16698.3, 27649.2, 10, 10, 11, 11, 14, 9, 9, 12, 17, 17, 25, 28, 30, -59, 38, 38, 89;
-1, 43, 4, 4, 24, 52, 20, 36, 12, 33, 6, 24, 6, 16, 2, 2, 4, 1, 2, 2, 3, 2, 3, 2, 3, 1, 4, 1, 0, 4, 3, 3, 2, 3, 2, 3, 2, 4, 1, 4, 1, 0, 22.4, 57.3, 98.5, 254.1, 307.2, 448.3, 855.3, 1494.2, 2144.0, 3244.1, 6949.3, 21181.1, 27393.6, 10, 12, 13, 14, 14, 16, 16, 17, 17, 20, 20, 38, 43, -12, 55, 27, 42;
-1, 43, 4, 1, 96, 36, 36, 60, 38, 80, 54, 24, 9, 16, 9, 1, 1, 4, 2, 2, 3, 2, 4, 3, 4, 3, 4, 3, 0, 1, 3, 3, 2, 3, 1, 2, 1, 2, 1, 2, 3, 0, 23.6, 54.7, 93.3, 120.9, 204.9, 358.3, 610.6, 1184.5, 2551.2, 3596.8, 7155.0, 16617.4, 33308.3, 10, 10, 11, 12, 13, 13, 15, 17, 17, 21, 25, 31, 43, -15, 58, 48, 53;
1, 50, 4, 1, 96, 54, 54, 104, 39, 36, 21, 8, 4, 9, 4, 1, 1, 4, 3, 2, 4, 3, 3, 3, 2, 2, 3, 4, 0, 1, 2, 3, 1, 2, 2, 2, 3, 3, 2, 1, 3, 0, 24.9, 46.2, 41.3, 98.2, 177.6, 319.5, 507.1, 1417.6, 2888.5, 4310.0, 9202.2, 16842.2, 32444.1, 10, 10, 11, 12, 12, 13, 17, 20, 34, 39, 39, 50, 50, 3, 39, 25, 47;
-1, 44, 4, 4, 96, 16, 120, 24, 80, 30, 24, 14, 12, 6, 2, 2, 4, 4, 1, 4, 4, 4, 3, 3, 2, 2, 2, 2, 0, 1, 4, 1, 1, 1, 2, 2, 3, 3, 3, 3, 2, 0, 19.1, 52.0, 86.0, 110.4, 184.9, 460.0, 948.9, 1199.7, 2258.3, 3674.7, 10043.3, 19517.0, 29997.3, 10, 10, 12, 12, 12, 12, 17, 24, 29, 31, 37, 39, 44, -21, 45, 65, 57;
-1, 36, 4, 2, 72, 63, 48, 80, 16, 64, 40, 8, 5, 16, 3, 1, 2, 3, 3, 3, 4, 1, 4, 4, 1, 1, 4, 3, 0, 2, 2, 2, 1, 4, 1, 1, 4, 4, 1, 2, 2, 0, 25.9, 28.1, 49.7, 87.7, 167.2, 338.6, 639.4, 929.4, 2381.5, 4056.3, 8818.9, 17013.4, 29258.6, 10, 11, 12, 12, 13, 16, 16, 16, 18, 24, 29, 36, 36, -20, 33, 56, 44;
-1, 30, 4, 4, 96, 44, 32, 88, 42, 56, 42, 56, 33, 10, 3, 3, 4, 4, 2, 2, 4, 3, 4, 3, 4, 3, 2, 3, 0, 1, 3, 3, 1, 2, 1, 2, 1, 2, 3, 2, 4, 0, 16.6, 43.8, 53.6, 117.4, 154.5, 239.0, 463.9, 1081.0, 1872.5, 3611.4, 9602.9, 15959.7, 35452.0, 10, 11, 12, 13, 13, 16, 17, 17, 17, 18, 25, 25, 30, -25, 41, 41, 55;
1, 59, 4, 1, 72, 36, 57, 112, 80, 8, 6, 48, 4, 15, 12, 1, 1, 3, 2, 3, 4, 4, 2, 2, 4, 2, 3, 4, 0, 2, 3, 2, 1, 1, 3, 3, 1, 3, 2, 1, 4, 0, 27.0, 42.1, 61.1, 115.7, 138.8, 317.5, 465.6, 1028.1, 2249.6, 2331.1, 6626.8, 16309.8, 36949.7, 10, 10, 11, 12, 12, 14, 14, 18, 18, 24, 39, 51, 59, 5, 54, 43, 54;
-1, 58, 4, 2, 96, 54, 46, 32, 10, 24, 42, 24, 39, 24, 16, 1, 2, 4, 2, 2, 4, 1, 2, 3, 3, 3, 4, 4, 0, 1, 3, 3, 1, 4, 3, 2, 2, 2, 1, 1, 4, 0, 24.7, 51.3, 48.9, 92.7, 144.6, 324.9, 324.3, 359.0, 1009.7, 2649.1, 5507.8, 14578.1, 36081.0, 10, 10, 1, 3, 3, 5, 9, 15, 21, 31, 39, 47, 58, -25, 60, 83, 49;
-1, 63, 4, 2, 96, 21, 76, 34, 16, 12, 16, 9, 8, 4, 8, 2, 2, 4, 1, 4, 2, 2, 1, 2, 1, 4, 1, 4, 0, 1, 4, 1, 3, 3, 4, 3, 4, 1, 4, 1, 3, 0, 24.4, 53.6, 57.2, 136.4, 226.7, 345.0, 830.0, 1111.1, 2372.7, 3154.9, 6978.2, 14873.8, 30393.3, 10, 11, 13, 13, 15, 16, 20, 26, 29, 29, 36, 45, 63, -3, 50, 66, 52;
1, 56, 4, 4, 72, 104, 84, 28, 36, 30, 26, 15, 15, 16, 6, 1, 4, 3, 4, 3, 2, 3, 3, 2, 3, 3, 4, 3, 0, 2, 1, 2, 3, 2, 2, 3, 2, 2, 1, 2, 3, 0, 19.7, 32.8, 76.7, 92.9, 128.4, 409.0, 698.0, 1033.9, 2337.1, 4399.2, 8733.4, 18365.8, 29892.8, 10, 10, 10, 11, 11, 12, 21, 24, 26, 29, 35, 47, 56, 3, 38, 53, 46;
-1, 46, 4, 1, 96, 54, 28, 54, 60, 12, 8, 14, 12, 3, 6, 2, 1, 4, 2, 2, 3, 3, 3, 1, 2, 2, 1, 3, 0, 1, 3, 3, 2, 2, 2, 4, 3, 3, 4, 2, 1, 0, 25.8, 39.8, 58.5, 115.8, 207.5, 477.5, 743.8, 1492.3, 2460.6, 4386.2, 9794.8, 16626.9, 28536.7, 10, 10, 11, 12, 13, 13, 13, 19, 20, 25, 31, 37, 46, -25, 71, 42, 47;
1, 69, 4, 2, 96, 66, 46, 60, 48, 80, 10, 27, 40, 6, 12, 1, 2, 4, 3, 2, 3, 2, 4, 2, 3, 4, 1, 3, 0, 1, 2, 3, 2, 3, 1, 3, 2, 1, 4, 2, 1, 0, 22.7, 36.1, 85.2, 123.7, 128.6, 243.0, 589.4, 1212.4, 1645.7, 3455.4, 7246.8, 17603.2, 26361.9, 10, 11, 12, 15, 16, 19, 19, 24, 35, 55, 65, 69, 69, 14, 55, 47, 50;
1, 74, 4, 2, 96, 81, 54, 36, 36, 24, 20, 24, 16, 6, 1, 1, 2, 4, 3, 3, 2, 2, 2, 2, 4, 4, 2, 1, 0, 1, 2, 2, 3, 3, 3, 3, 1, 1, 3, 4, 4, 0, 23.9, 47.3, 64.2, 149.7, 192.6, 608.2, 543.4, 1372.1, 2054.7, 3146.6, 9827.2, 19113.5, 36684.2, 10, 10, 10, 12, 13, 21, 22, 29, 31, 33, 53, 66, 74, 4, 41, 70, 53;
-1, 43, 4, 1, 72, 36, 20, 80, 48, 27, 9, 21, 4, 8, 6, 1, 1, 3, 2, 2, 4, 4, 3, 1, 3, 1, 2, 3, 0, 2, 3, 3, 1, 1, 2, 4, 2, 4, 3, 2, 1, 0, 25.5, 55.5, 86.4, 133.1, 198.8, 297.2, 421.2, 723.1, 1501.8, 3659.0, 6952.0, 15824.6, 26122.4, 10, 10, 11, 11, 11, 11, 14, 17, 22, 27, 27, 37, 43, -18, 38, 45, 61;
-1, 64, 4, 4, 24, 66, 60, 88, 75, 42, 28, 24, 12, 2, 12, 1, 4, 1, 3, 3, 4, 3, 2, 4, 4, 3, 2, 3, 0, 4, 2, 2, 1, 2, 3, 1, 1, 2, 3, 2, 3, 0, 29.4, 29.2, 89.9, 124.6, 98.2, 382.0, 523.5, 1042.5, 2189.8, 5660.3, 7825.6, 17588.4, 33587.2, 10, 11, 13, 13, 13, 16, 17, 19, 21, 37, 48, 50, 64, -21, 85, 33, 36;
-1, 47, 4, 2, 96, 81, 20, 20, 54, 45, 36, 24, 21, 10, 4, 2, 2, 4, 3, 2, 2, 3, 3, 2, 2, 3, 2, 1, 0, 1, 2, 3, 3, 2, 2, 3, 3, 2, 3, 4, 2, 0, 22.9, 52.2, 61.9, 124.9, 158.0, 260.4, 561.3, 640.9, 1056.5, 2740.5, 6016.6, 17592.8, 29581.8, 10, 10, 11, 12, 13, 14, 6, 6, 10, 16, 19, 39, 47, -19, 53, 66, 39;
1, 85, 4, 4, 72, 81, 44, 54, 42, 12, 26, 24, 24, 6, 6, 1, 4, 3, 3, 2, 3, 2, 2, 2, 4, 4, 2, 3, 0, 2, 2, 3, 2, 3, 3, 3, 1, 1, 3, 2, 4, 0, 19.0, 45.1, 42.8, 84.4, 110.0, 321.0, 674.8, 1257.1, 2278.7, 3279.4, 8856.4, 18319.2, 38796.9, 10, 11, 12, 15, 16, 23, 25, 32, 40, 48, 61, 67, 85, 25, 60, 56, 42;
-1, 46, 4, 2, 96, 18, 64, 51, 13, 16, 30, 16, 5, 6, 8, 1, 2, 4, 1, 4, 3, 1, 4, 3, 4, 1, 3, 4, 0, 1, 4, 1, 2, 4, 1, 2, 1, 4, 2, 1, 2, 0, 22.1, 51.3, 53.3, 127.4, 139.4, 407.5, 1014.9, 1371.0, 2835.0, 3256.6, 7630.6, 16047.2, 27230.5, 10, 11, 13, 13, 14, 16, 16, 21, 21, 27, 28, 30, 46, -14, 45, 42, 60;
-1, 43, 4, 2, 96, 16, 56, 34, 12, 8, 12, 6, 4, 10, 8, 1, 2, 4, 1, 4, 2, 1, 2, 3, 3, 4, 2, 2, 0, 1, 4, 1, 3, 4, 3, 2, 2, 1, 3, 3, 4, 0, 32.3, 48.5, 75.5, 176.8, 217.3, 501.7, 976.1, 2013.1, 1893.5, 2574.6, 5369.3, 19098.7, 37663.8, 10, 10, 11, 11, 14, 20, 22, 22, 24, 24, 30, 38, 43, -36, 79, 42, 53;
-1, 44, 4, 2, 72, 42, 66, 45, 69, 96, 32, 8, 36, 16, 8, 2, 2, 3, 2, 3, 3, 3, 4, 4, 1, 4, 4, 2, 0, 2, 3, 2, 2, 2, 1, 1, 4, 1, 1, 3, 1, 0, 24.7, 39.8, 64.5, 147.5, 126.1, 229.6, 349.1, 652.6, 776.1, 2433.7, 6816.6, 18970.6, 26427.8, 10, 10, 10, 0, 2, 6, 8, 8, 12, 14, 23, 35, 44, -3, 47, 40, 43;
