#======================================================================================
# Kingdomino AI Experiment
#--------------------------------------------------------------------------------------
# 
# Player strategy:   MCE_PG_R
# Opponent strategy: FULL_GREEDY
# 
# Max search time: 0.5 (s)
# Max playouts: 0
# Runs: 200
# 
# System: Linux 3.20GHz
# Output file: kdom_exp-20170410-131854-rev-13d6a7c-cpu-3.20GHz/kdom_exp_MCE_PG_R_vs_FULL_GREEDY_T0.5_P0.m
# 
# Executing: 'java -jar out/kdom-exp.jar MCE_PG_R FULL_GREEDY kdom_exp-20170410-131854-rev-13d6a7c-cpu-3.20GHz/kdom_exp_MCE_PG_R_vs_FULL_GREEDY_T0.5_P0.m 0.5 0'
# Git Revision: 13d6a7c
#--------------------------------------------------------------------------------------

# win, score, num_players, available_moves(13), available_draft(13), chosen_draft_position(13), playouts_per_second(13), scores(13), score_diff, opponent_scores(3)
kdom_exp_MCE_PG_R_vs_FULL_GREEDY_T0_5_P0 = [
-1, 42, 4, 2, 48, 72, 36, 72, 72, 56, 34, 27, 6, 10, 2, 1, 2, 2, 4, 3, 4, 4, 4, 2, 3, 1, 2, 2, 0, 3, 1, 2, 1, 1, 1, 3, 2, 4, 3, 3, 3, 0, 55.1, 51.2, 107.6, 168.3, 225.8, 300.8, 488.5, 917.5, 2567.2, 4087.7, 11035.0, 18532.2, 32272.4, 10, 11, 11, 11, 11, 11, 11, 16, 23, 27, 37, 37, 42, -29, 50, 46, 71;
-1, 56, 4, 1, 96, 42, 72, 72, 92, 36, 26, 2, 1, 16, 18, 1, 1, 4, 2, 4, 4, 4, 3, 2, 2, 1, 2, 3, 0, 1, 3, 1, 1, 1, 2, 3, 3, 4, 3, 2, 3, 0, 35.6, 56.2, 75.6, 130.6, 188.9, 336.4, 468.0, 1199.3, 1045.3, 1637.1, 5167.6, 16840.8, 32573.6, 10, 11, 12, 12, 14, 22, 29, 30, 30, 33, 45, 48, 56, -1, 53, 57, 42;
-1, 54, 4, 4, 72, 66, 63, 72, 72, 100, 11, 22, 48, 12, 15, 2, 4, 3, 3, 3, 3, 3, 4, 1, 2, 4, 2, 3, 0, 2, 2, 2, 2, 2, 1, 4, 3, 1, 3, 2, 3, 0, 41.9, 45.1, 123.4, 115.6, 167.2, 175.3, 328.8, 643.8, 1475.0, 2256.3, 6575.5, 18286.9, 34423.5, 10, 11, 12, 14, 15, 15, 17, 22, 24, 24, 31, 39, 54, -5, 59, 50, 44;
1, 68, 4, 4, 72, 42, 60, 17, 36, 10, 28, 18, 12, 9, 8, 2, 4, 3, 2, 3, 1, 3, 2, 2, 3, 3, 3, 4, 0, 2, 3, 2, 4, 2, 3, 3, 2, 2, 2, 1, 3, 0, 35.1, 40.3, 74.7, 190.4, 355.1, 567.7, 725.9, 1492.4, 1927.1, 4053.9, 7577.3, 17269.4, 35279.2, 10, 11, 12, 12, 20, 21, 23, 27, 31, 36, 43, 45, 68, 15, 53, 35, 46;
1, 64, 4, 1, 96, 93, 16, 72, 63, 24, 32, 28, 6, 16, 8, 2, 1, 4, 3, 1, 4, 3, 2, 4, 4, 1, 4, 2, 0, 1, 2, 4, 1, 2, 3, 1, 1, 4, 1, 3, 3, 0, 43.8, 48.5, 77.4, 125.5, 171.6, 299.0, 600.0, 976.8, 2065.9, 2575.9, 5204.6, 16124.0, 32771.9, 10, 10, 13, 14, 16, 16, 18, 20, 25, 40, 40, 49, 64, 2, 47, 62, 55;
-1, 61, 4, 3, 24, 72, 24, 38, 6, 40, 14, 32, 15, 3, 16, 1, 3, 1, 4, 2, 2, 1, 4, 2, 4, 3, 1, 4, 0, 4, 1, 3, 3, 4, 1, 3, 1, 2, 4, 1, 3, 0, 31.4, 66.2, 92.9, 151.4, 284.0, 451.9, 714.5, 1407.7, 2311.6, 3659.0, 7910.5, 15577.5, 30804.6, 10, 11, 11, 12, 13, 17, 17, 23, 25, 33, 44, 46, 61, -2, 63, 56, 34;
-1, 47, 4, 2, 72, 48, 84, 88, 20, 54, 28, 32, 16, 2, 4, 2, 2, 3, 3, 3, 4, 2, 3, 2, 4, 2, 1, 4, 0, 2, 2, 2, 1, 3, 2, 3, 1, 3, 4, 1, 4, 0, 43.7, 53.8, 111.5, 149.3, 204.5, 336.7, 683.9, 861.0, 1730.0, 5015.6, 6116.9, 14572.0, 38662.7, 10, 10, 11, 11, 11, 14, 17, 23, 27, 37, 40, 40, 47, -18, 64, 57, 65;
-1, 53, 4, 3, 96, 36, 38, 36, 66, 88, 8, 40, 6, 12, 8, 1, 3, 4, 2, 2, 2, 3, 4, 2, 4, 3, 3, 4, 0, 1, 3, 3, 3, 2, 1, 3, 1, 2, 2, 1, 2, 0, 41.9, 62.7, 86.2, 151.9, 223.5, 415.8, 698.3, 1233.9, 1958.0, 2497.8, 5341.6, 15759.8, 30572.9, 10, 11, 12, 14, 17, 21, 21, 24, 26, 30, 32, 39, 53, -6, 59, 34, 46;
1, 65, 4, 4, 48, 64, 13, 80, 64, 16, 28, 20, 15, 12, 18, 1, 4, 2, 4, 1, 4, 4, 1, 4, 4, 3, 2, 3, 0, 3, 1, 4, 1, 1, 4, 1, 1, 2, 3, 2, 3, 0, 47.0, 54.5, 130.0, 165.6, 254.9, 376.1, 600.1, 1154.6, 2322.4, 2479.2, 6919.7, 18101.9, 34650.6, 10, 12, 12, 13, 15, 19, 29, 30, 36, 42, 47, 50, 65, 10, 55, 47, 45;
1, 57, 4, 3, 72, 112, 72, 40, 42, 63, 4, 42, 21, 32, 14, 2, 3, 3, 4, 4, 4, 3, 3, 4, 3, 3, 4, 2, 0, 2, 1, 1, 1, 2, 2, 1, 2, 2, 1, 3, 4, 0, 45.0, 62.0, 115.2, 187.8, 186.4, 257.5, 535.5, 458.8, 906.9, 1679.5, 3995.8, 15641.4, 38710.0, 10, 11, 11, 13, 13, 13, 16, 16, 19, 24, 40, 54, 57, 5, 52, 41, 42;
-1, 48, 4, 2, 48, 32, 88, 63, 54, 76, 24, 4, 18, 24, 2, 2, 2, 2, 2, 4, 3, 3, 4, 2, 2, 3, 4, 2, 0, 3, 3, 1, 2, 2, 1, 3, 3, 2, 1, 3, 4, 0, 47.8, 60.9, 114.6, 99.1, 174.6, 215.8, 419.6, 977.3, 1537.6, 4239.0, 8222.9, 18273.0, 37039.0, 10, 11, 11, 11, 15, 17, 17, 19, 20, 25, 28, 33, 48, -9, 50, 57, 47;
1, 64, 4, 2, 96, 66, 112, 12, 21, 20, 10, 3, 14, 24, 2, 2, 2, 4, 3, 4, 1, 1, 2, 1, 3, 2, 4, 1, 0, 1, 2, 1, 4, 4, 3, 4, 2, 3, 1, 4, 2, 0, 37.7, 52.5, 91.8, 105.2, 325.7, 404.6, 1028.7, 1450.4, 1299.6, 2343.7, 3571.5, 20852.6, 30721.3, 10, 11, 13, 13, 15, 16, 18, 33, 33, 40, 42, 60, 64, 3, 55, 50, 61;
-1, 64, 4, 1, 72, 54, 14, 48, 2, 16, 16, 20, 32, 24, 4, 1, 1, 3, 2, 1, 3, 1, 2, 2, 2, 4, 4, 2, 0, 2, 3, 4, 2, 4, 3, 3, 3, 1, 1, 3, 2, 0, 35.8, 52.0, 94.5, 133.5, 205.0, 458.5, 522.8, 1361.7, 1647.8, 3660.8, 7931.9, 18073.6, 26954.6, 10, 10, 11, 14, 14, 16, 22, 23, 34, 43, 51, 64, 64, -12, 50, 76, 47;
-1, 49, 4, 4, 24, 104, 28, 36, 17, 8, 32, 6, 24, 4, 6, 2, 4, 1, 4, 2, 3, 1, 2, 4, 1, 4, 1, 3, 0, 4, 1, 3, 2, 4, 3, 1, 4, 1, 4, 2, 3, 0, 43.9, 45.7, 113.4, 169.8, 290.0, 632.6, 968.0, 1339.1, 1838.6, 3584.7, 7215.2, 16809.6, 31389.8, 10, 11, 13, 15, 15, 17, 19, 22, 28, 29, 33, 35, 49, -15, 51, 34, 64;
-1, 53, 4, 2, 72, 48, 44, 56, 52, 12, 12, 10, 8, 24, 16, 1, 2, 3, 3, 2, 4, 4, 2, 3, 2, 2, 4, 4, 0, 2, 2, 3, 1, 1, 3, 2, 3, 3, 1, 1, 2, 0, 42.1, 52.4, 123.9, 168.9, 286.0, 424.9, 588.0, 1074.5, 2267.0, 3044.6, 7544.9, 16058.2, 29495.8, 10, 11, 11, 12, 14, 15, 21, 24, 27, 31, 33, 37, 53, -3, 56, 43, 43;
-1, 47, 4, 3, 72, 63, 136, 24, 88, 48, 4, 39, 18, 40, 6, 3, 3, 3, 3, 4, 1, 4, 4, 4, 3, 3, 4, 1, 0, 2, 2, 1, 4, 1, 1, 1, 2, 2, 1, 4, 2, 0, 47.8, 48.6, 103.9, 107.5, 129.5, 358.7, 539.2, 598.4, 1018.7, 2097.5, 4849.2, 14829.4, 29539.3, 10, 10, 11, 11, 13, 13, 15, 15, 17, 29, 33, 38, 47, -11, 53, 43, 58;
1, 64, 4, 3, 72, 16, 48, 24, 18, 18, 39, 12, 12, 12, 8, 2, 3, 3, 1, 3, 4, 2, 2, 3, 2, 2, 2, 4, 0, 2, 4, 2, 1, 3, 3, 2, 3, 3, 3, 1, 4, 0, 35.1, 76.3, 100.1, 219.4, 447.7, 683.6, 776.9, 1138.3, 1771.6, 2772.1, 5347.1, 15657.1, 36362.5, 10, 10, 11, 13, 13, 19, 20, 22, 29, 35, 43, 43, 64, 12, 52, 32, 43;
1, 63, 4, 1, 96, 44, 64, 40, 48, 36, 16, 18, 16, 2, 16, 2, 1, 4, 2, 4, 2, 4, 3, 2, 3, 4, 2, 4, 0, 1, 3, 1, 3, 1, 2, 3, 2, 1, 3, 1, 1, 0, 41.5, 56.1, 105.7, 115.6, 199.0, 442.0, 703.7, 1074.6, 2467.6, 4005.7, 6359.1, 16301.7, 26355.2, 10, 10, 12, 12, 12, 12, 13, 22, 30, 34, 43, 47, 63, 8, 51, 47, 55;
-1, 52, 4, 1, 96, 72, 24, 24, 24, 16, 7, 16, 14, 6, 12, 1, 1, 4, 4, 1, 4, 2, 4, 1, 4, 2, 3, 3, 0, 1, 1, 4, 1, 3, 1, 4, 1, 3, 2, 2, 2, 0, 40.4, 49.5, 61.9, 153.2, 261.4, 543.9, 819.8, 1054.7, 1642.2, 3451.6, 7095.6, 15825.8, 27767.4, 10, 10, 10, 12, 12, 14, 18, 19, 19, 23, 28, 37, 52, -3, 42, 55, 51;
-1, 50, 4, 3, 48, 144, 58, 48, 39, 33, 40, 18, 12, 4, 6, 1, 3, 2, 4, 2, 4, 3, 3, 4, 2, 2, 1, 3, 0, 3, 1, 3, 1, 2, 2, 1, 3, 3, 4, 2, 3, 0, 35.1, 53.7, 85.9, 206.4, 185.6, 289.2, 423.4, 779.6, 2701.2, 3170.3, 9056.4, 18123.7, 33991.7, 10, 12, 12, 13, 13, 16, 17, 19, 25, 27, 35, 39, 50, -19, 58, 69, 49;
-1, 49, 4, 2, 72, 27, 124, 36, 56, 8, 60, 18, 10, 12, 2, 1, 2, 3, 1, 4, 3, 4, 4, 4, 2, 2, 3, 1, 0, 2, 4, 1, 2, 1, 1, 1, 3, 3, 2, 4, 3, 0, 35.2, 49.8, 42.5, 103.1, 148.3, 253.3, 503.0, 1041.4, 1941.9, 4277.4, 8177.9, 20821.0, 31561.8, 10, 11, 12, 13, 13, 14, 14, 17, 28, 32, 36, 49, 49, -11, 32, 48, 60;
-1, 40, 4, 2, 96, 72, 68, 56, 10, 18, 27, 32, 10, 24, 2, 1, 2, 4, 4, 4, 4, 1, 3, 3, 4, 2, 4, 2, 0, 1, 1, 1, 1, 4, 2, 2, 1, 3, 1, 3, 1, 0, 51.4, 55.4, 89.8, 123.3, 269.6, 466.6, 563.1, 1291.0, 2757.1, 4848.8, 9391.8, 18010.5, 26174.3, 10, 10, 11, 12, 14, 16, 18, 24, 28, 29, 29, 40, 40, -16, 56, 45, 42;
-1, 46, 4, 3, 96, 44, 20, 18, 80, 57, 22, 24, 24, 12, 12, 1, 3, 4, 2, 1, 1, 4, 3, 2, 3, 4, 3, 4, 0, 1, 3, 4, 4, 1, 2, 3, 2, 1, 2, 1, 3, 0, 29.3, 49.6, 64.7, 192.4, 265.5, 397.3, 583.2, 1224.9, 2000.7, 4295.0, 8788.9, 17205.5, 32000.3, 10, 10, 11, 13, 13, 13, 6, 9, 15, 25, 29, 40, 46, -15, 31, 44, 61;
