#======================================================================================
# Kingdomino AI Experiment
#--------------------------------------------------------------------------------------
# 
# Player strategy:   MCE_PG_R
# Opponent strategy: FULL_GREEDY
# 
# Max search time: 0.5 (s)
# Max playouts: 0
# Runs: 200
# 
# System: Linux 3.20GHz
# Output file: kdom_exp-20170408-124651-rev-9186c19-cpu-3.20GHz/kdom_exp_MCE_PG_R_vs_FULL_GREEDY_T0.5_P0.m
# 
# Executing: 'java -jar out/kdom-exp.jar MCE_PG_R FULL_GREEDY kdom_exp-20170408-124651-rev-9186c19-cpu-3.20GHz/kdom_exp_MCE_PG_R_vs_FULL_GREEDY_T0.5_P0.m 0.5 0'
# Git Revision: 9186c19
#--------------------------------------------------------------------------------------

# win, score, num_players, available_moves(13), available_draft(13), chosen_draft_position(13), playouts_per_second(13), scores(13), score_diff, opponent_scores(3)
kdom_exp_MCE_PG_R_vs_FULL_GREEDY_T0_5_P0 = [
1, 87, 4, 2, 96, 87, 50, 144, 19, 57, 96, 27, 3, 18, 3, 2, 2, 4, 3, 2, 4, 1, 3, 4, 3, 3, 3, 3, 0, 1, 2, 3, 1, 4, 2, 1, 2, 2, 2, 2, 3, 0, 11.2, 14.6, 18.4, 42.5, 46.8, 92.4, 175.3, 242.7, 517.1, 804.5, 2847.3, 7858.7, 24324.8, 10, 11, 12, 13, 15, 18, 19, 22, 52, 56, 63, 65, 87, 46, 39, 41, 38;
-1, 45, 4, 3, 96, 27, 24, 72, 42, 76, 16, 4, 12, 28, 12, 1, 3, 4, 1, 3, 4, 3, 4, 2, 2, 4, 4, 3, 0, 1, 4, 2, 1, 2, 1, 3, 3, 1, 1, 2, 2, 0, 9.2, 15.0, 25.6, 33.8, 51.0, 83.3, 145.2, 223.5, 434.8, 404.7, 1489.3, 6417.8, 20524.5, 10, 10, 11, 11, 11, 12, 21, 23, 25, 28, 37, 39, 45, -10, 55, 38, 50;
1, 56, 4, 2, 96, 88, 32, 92, 10, 80, 30, 18, 10, 16, 9, 1, 2, 4, 4, 2, 4, 1, 4, 3, 3, 2, 4, 3, 0, 1, 1, 3, 1, 4, 1, 2, 2, 3, 1, 2, 4, 0, 9.0, 14.9, 18.9, 34.3, 40.3, 99.3, 110.3, 247.4, 377.3, 1187.8, 1555.7, 5472.7, 34168.3, 10, 10, 12, 14, 5, 6, 8, 8, 11, 28, 34, 48, 56, 11, 43, 41, 45;
1, 56, 4, 2, 48, 112, 10, 12, 8, 72, 5, 3, 4, 28, 3, 4, 2, 2, 4, 1, 3, 1, 4, 1, 1, 4, 4, 3, 0, 3, 1, 4, 2, 4, 1, 4, 4, 1, 1, 2, 2, 0, 9.6, 15.0, 17.0, 34.5, 48.1, 105.8, 120.8, 372.1, 664.2, 645.8, 1569.2, 4379.0, 13798.6, 10, 11, 11, 13, 13, 21, 21, 27, 35, 35, 36, 49, 56, 1, 41, 31, 55;
-1, 46, 4, 3, 48, 63, 24, 96, 81, 80, 10, 24, 10, 4, 18, 4, 3, 2, 3, 1, 3, 3, 4, 2, 4, 1, 4, 3, 0, 3, 2, 4, 2, 2, 1, 3, 1, 4, 1, 2, 2, 0, 9.8, 12.7, 16.7, 27.9, 35.1, 63.0, 81.8, 182.3, 244.2, 936.4, 1172.7, 6749.3, 17008.5, 10, 11, 12, 13, 13, 17, 17, 18, 22, 26, 26, 36, 46, -19, 62, 65, 52;
-1, 41, 4, 4, 72, 78, 57, 26, 42, 32, 33, 8, 3, 2, 8, 1, 4, 3, 3, 3, 2, 3, 4, 3, 2, 3, 2, 4, 0, 2, 2, 2, 3, 2, 1, 2, 3, 2, 3, 1, 1, 0, 9.8, 13.8, 18.7, 32.7, 62.7, 139.4, 137.7, 273.3, 574.3, 1078.5, 2625.1, 3297.6, 13632.6, 10, 11, 11, 12, 13, 16, 18, 23, 30, 30, 35, 41, 41, -13, 54, 37, 49;
-1, 29, 4, 2, 96, 64, 76, 24, 42, 36, 15, 1, 21, 32, 12, 2, 2, 4, 4, 4, 1, 3, 3, 1, 1, 3, 4, 3, 0, 1, 1, 1, 4, 2, 2, 4, 4, 2, 1, 2, 4, 0, 12.0, 14.8, 13.9, 25.2, 55.1, 83.7, 173.5, 260.6, 472.4, 639.9, 1502.3, 6861.5, 39529.4, 10, 10, 10, 10, 2, 2, 4, 5, 5, 5, 10, 21, 29, -30, 59, 57, 54;
1, 54, 4, 4, 48, 64, 14, 48, 13, 33, 26, 32, 6, 3, 8, 2, 4, 2, 4, 1, 4, 1, 3, 2, 4, 2, 1, 4, 0, 3, 1, 4, 1, 4, 2, 3, 1, 3, 4, 1, 4, 0, 11.1, 13.7, 24.0, 39.7, 49.7, 117.1, 153.6, 294.9, 389.3, 972.8, 3043.7, 3919.9, 36224.3, 10, 12, 12, 16, 17, 23, 24, 32, 32, 37, 45, 45, 54, 6, 48, 47, 47;
-1, 44, 4, 1, 96, 64, 76, 38, 75, 19, 26, 20, 18, 9, 2, 1, 1, 4, 4, 4, 2, 3, 1, 2, 4, 3, 3, 1, 0, 1, 1, 1, 3, 2, 4, 3, 1, 2, 2, 4, 4, 0, 11.0, 14.5, 17.7, 30.9, 67.5, 91.4, 216.8, 309.2, 652.9, 1019.1, 1415.2, 9339.7, 35663.1, 10, 10, 10, 10, 11, 11, 3, 4, 4, 13, 22, 24, 44, -15, 59, 39, 51;
-1, 61, 4, 4, 24, 104, 27, 20, 20, 20, 52, 18, 24, 15, 8, 1, 4, 1, 4, 1, 2, 1, 1, 4, 3, 4, 3, 4, 0, 4, 1, 4, 3, 4, 4, 1, 2, 1, 2, 1, 3, 0, 9.2, 14.6, 18.9, 29.2, 40.7, 69.3, 121.1, 144.9, 373.4, 523.0, 1965.4, 3654.4, 21914.4, 10, 12, 16, 18, 19, 23, 35, 39, 41, 43, 47, 51, 61, -5, 52, 65, 66;
-1, 49, 4, 1, 72, 104, 24, 60, 21, 12, 18, 8, 5, 24, 2, 1, 1, 3, 4, 1, 4, 1, 3, 2, 4, 1, 4, 2, 0, 2, 1, 4, 1, 4, 2, 3, 1, 4, 1, 3, 4, 0, 10.6, 12.7, 19.4, 37.4, 46.0, 96.1, 119.0, 262.4, 291.3, 983.6, 1092.8, 11029.5, 36689.5, 10, 10, 10, 12, 12, 13, 13, 18, 18, 24, 26, 36, 49, -10, 47, 42, 59;
-1, 61, 4, 1, 72, 54, 18, 48, 10, 16, 12, 10, 18, 16, 6, 1, 1, 3, 3, 1, 4, 1, 4, 2, 2, 3, 4, 3, 0, 2, 2, 4, 1, 4, 1, 3, 3, 2, 1, 2, 4, 0, 9.8, 17.7, 22.9, 33.7, 42.4, 100.3, 105.5, 223.6, 616.3, 979.7, 1357.5, 6833.6, 35118.6, 10, 10, 10, 14, 14, 19, 19, 20, 31, 34, 44, 50, 61, -13, 33, 57, 74;
1, 59, 4, 4, 48, 104, 19, 6, 54, 48, 22, 18, 27, 32, 6, 1, 4, 2, 4, 1, 3, 3, 4, 2, 3, 3, 4, 2, 0, 3, 1, 4, 2, 2, 1, 3, 2, 2, 1, 3, 2, 0, 9.9, 13.6, 22.0, 34.0, 54.4, 75.3, 131.6, 417.5, 470.2, 1231.0, 2444.2, 8935.4, 19744.6, 10, 11, 12, 13, 14, 16, 18, 20, 22, 27, 39, 50, 59, 9, 47, 32, 50;
-1, 54, 4, 1, 96, 62, 64, 17, 32, 17, 24, 36, 8, 21, 4, 1, 1, 4, 2, 4, 1, 4, 1, 4, 4, 4, 3, 2, 0, 1, 3, 1, 4, 1, 4, 1, 1, 1, 2, 3, 3, 0, 9.0, 11.6, 18.0, 17.4, 51.3, 50.5, 123.3, 112.8, 419.9, 747.9, 1961.8, 11232.3, 26586.2, 10, 10, 11, 11, 13, 13, 17, 19, 23, 25, 30, 42, 54, -7, 51, 55, 61;
1, 62, 4, 3, 48, 44, 66, 48, 34, 51, 12, 64, 36, 22, 8, 1, 3, 2, 2, 3, 3, 2, 3, 1, 4, 4, 2, 4, 0, 3, 3, 2, 2, 3, 2, 4, 1, 1, 3, 1, 2, 0, 11.1, 15.9, 28.9, 27.5, 47.7, 71.5, 101.2, 166.7, 187.2, 663.6, 2284.7, 3941.8, 19696.0, 10, 10, 11, 11, 11, 19, 22, 29, 32, 34, 35, 42, 62, 6, 36, 56, 51;
-1, 46, 4, 1, 96, 54, 48, 72, 80, 20, 56, 4, 48, 32, 6, 2, 1, 4, 2, 3, 4, 4, 1, 4, 1, 4, 4, 2, 0, 1, 3, 2, 1, 1, 4, 1, 4, 1, 1, 3, 3, 0, 9.4, 13.2, 24.6, 28.9, 43.9, 51.3, 109.1, 131.6, 438.4, 662.4, 1623.3, 5796.7, 21408.7, 10, 10, 11, 11, 11, 11, 17, 19, 20, 21, 23, 35, 46, -14, 52, 59, 60;
-1, 61, 4, 1, 72, 160, 108, 28, 75, 14, 32, 8, 48, 1, 4, 3, 1, 3, 4, 3, 1, 3, 2, 2, 4, 3, 1, 4, 0, 2, 1, 2, 4, 2, 3, 3, 1, 2, 4, 1, 2, 0, 10.7, 14.1, 15.7, 27.7, 48.1, 65.5, 126.6, 281.1, 323.3, 589.5, 1962.4, 2283.3, 19210.6, 10, 10, 10, 11, 12, 18, 20, 28, 30, 45, 47, 47, 61, -3, 44, 64, 60;
-1, 66, 4, 3, 48, 104, 87, 120, 66, 80, 18, 36, 40, 16, 9, 1, 3, 2, 4, 3, 4, 3, 4, 3, 3, 4, 4, 3, 0, 3, 1, 2, 1, 2, 1, 2, 2, 1, 1, 2, 3, 0, 9.3, 11.6, 14.7, 23.0, 29.9, 50.6, 93.6, 222.0, 468.9, 700.2, 1227.3, 5943.0, 22435.9, 10, 11, 11, 14, 16, 21, 23, 24, 26, 44, 44, 59, 66, -1, 58, 62, 67;
-1, 34, 4, 3, 72, 104, 96, 18, 68, 6, 6, 32, 6, 32, 3, 1, 3, 3, 4, 4, 1, 4, 3, 2, 4, 3, 4, 3, 0, 2, 1, 1, 4, 1, 2, 3, 1, 2, 1, 2, 1, 0, 10.7, 13.0, 17.8, 30.9, 55.9, 76.6, 133.8, 235.8, 323.4, 692.3, 1315.6, 6917.0, 14578.2, 10, 11, 11, 11, 13, 13, 13, 17, 21, 21, 21, 34, 34, -19, 53, 47, 46;
-1, 48, 4, 3, 96, 81, 40, 56, 8, 69, 30, 12, 6, 4, 8, 1, 3, 4, 3, 4, 2, 4, 3, 3, 1, 3, 2, 4, 0, 1, 2, 1, 3, 1, 2, 2, 4, 2, 3, 1, 3, 0, 9.3, 11.7, 16.0, 25.3, 62.2, 59.8, 120.8, 247.6, 849.7, 1162.4, 3898.7, 4741.9, 27383.5, 10, 10, 11, 11, 12, 12, 15, 19, 20, 22, 31, 35, 48, -1, 42, 48, 49;
-1, 42, 4, 3, 96, 32, 24, 72, 81, 60, 104, 33, 6, 16, 4, 2, 3, 4, 2, 1, 4, 3, 3, 4, 3, 1, 4, 1, 0, 1, 3, 4, 1, 2, 2, 1, 2, 4, 1, 4, 3, 0, 5.9, 14.6, 19.7, 41.1, 47.7, 88.7, 135.4, 219.1, 545.0, 1104.4, 1593.0, 10792.9, 21699.6, 10, 10, 11, 14, 16, 18, 18, 21, 26, 30, 32, 35, 42, -9, 51, 42, 42;
0, 54, 4, 1, 96, 16, 24, 32, 26, 48, 4, 28, 48, 18, 10, 3, 1, 4, 1, 3, 2, 2, 4, 4, 2, 4, 3, 2, 0, 1, 4, 2, 3, 3, 1, 1, 3, 1, 2, 3, 3, 0, 12.0, 17.5, 24.3, 31.0, 45.8, 86.6, 115.9, 165.5, 410.6, 612.6, 1243.5, 6497.9, 21782.9, 10, 10, 12, 13, 14, 21, 21, 21, 28, 34, 34, 42, 54, 0, 44, 48, 54;
-1, 49, 4, 2, 96, 48, 30, 96, 50, 72, 6, 16, 11, 3, 10, 3, 2, 4, 3, 3, 4, 2, 4, 3, 4, 1, 3, 2, 0, 1, 2, 2, 1, 3, 1, 2, 1, 4, 2, 3, 2, 0, 9.1, 13.7, 21.3, 24.5, 27.3, 78.9, 83.6, 235.0, 460.0, 1201.6, 1551.6, 8993.9, 19997.6, 10, 10, 10, 11, 11, 16, 17, 24, 30, 34, 34, 40, 49, -13, 56, 62, 50;
-1, 60, 4, 3, 48, 112, 30, 80, 40, 26, 36, 16, 18, 12, 3, 2, 3, 2, 4, 2, 4, 4, 2, 3, 2, 3, 3, 1, 0, 3, 1, 3, 1, 1, 3, 2, 3, 2, 2, 4, 1, 0, 10.1, 15.0, 19.7, 37.6, 42.0, 56.6, 122.0, 245.5, 531.9, 1065.2, 2337.2, 10589.2, 12194.4, 10, 11, 11, 14, 8, 8, 11, 19, 29, 31, 43, 45, 60, -10, 50, 70, 34;
