#======================================================================================
# Kingdomino AI Experiment
#--------------------------------------------------------------------------------------
# 
# Player strategy:   MCE_PG_R
# Opponent strategy: FULL_GREEDY
# 
# Max search time: 8 (s)
# Max playouts: 0
# Runs: 200
# 
# System: Linux 3.20GHz
# Output file: kdom_exp-20170408-124651-rev-9186c19-cpu-3.20GHz/kdom_exp_MCE_PG_R_vs_FULL_GREEDY_T8_P0.m
# 
# Executing: 'java -jar out/kdom-exp.jar MCE_PG_R FULL_GREEDY kdom_exp-20170408-124651-rev-9186c19-cpu-3.20GHz/kdom_exp_MCE_PG_R_vs_FULL_GREEDY_T8_P0.m 8 0'
# Git Revision: 9186c19
#--------------------------------------------------------------------------------------

# win, score, num_players, available_moves(13), available_draft(13), chosen_draft_position(13), playouts_per_second(13), scores(13), score_diff, opponent_scores(3)
kdom_exp_MCE_PG_R_vs_FULL_GREEDY_T8_P0 = [
0, 51, 4, 1, 96, 64, 90, 84, 3, 33, 34, 32, 20, 10, 36, 6, 1, 4, 4, 3, 3, 3, 3, 2, 4, 4, 2, 3, 0, 1, 1, 2, 2, 2, 2, 3, 1, 1, 3, 2, 1, 0, 16.6, 19.6, 21.7, 34.6, 53.3, 74.1, 137.2, 309.5, 341.4, 613.7, 2533.8, 7631.9, 15480.5, 10, 10, 10, 11, 11, 11, 13, 18, 18, 22, 30, 45, 51, 0, 51, 48, 50;
1, 70, 4, 3, 48, 87, 90, 23, 24, 16, 20, 18, 24, 16, 4, 3, 3, 2, 3, 3, 1, 4, 2, 2, 3, 4, 4, 4, 0, 3, 2, 2, 4, 1, 3, 3, 2, 1, 1, 1, 3, 0, 16.2, 17.3, 19.2, 31.8, 58.2, 57.5, 169.8, 307.7, 487.4, 772.2, 1427.0, 5935.5, 27511.7, 10, 11, 12, 13, 14, 14, 21, 30, 36, 52, 56, 56, 70, 17, 53, 41, 39;
1, 73, 4, 1, 72, 93, 60, 104, 72, 104, 78, 12, 24, 24, 4, 1, 1, 3, 3, 2, 4, 3, 4, 3, 3, 3, 4, 2, 0, 2, 2, 3, 1, 2, 1, 2, 2, 2, 1, 3, 2, 0, 16.0, 16.6, 22.5, 27.0, 32.3, 85.0, 122.2, 205.7, 399.4, 1051.5, 1764.9, 9507.7, 15900.4, 10, 10, 13, 13, 13, 16, 16, 18, 19, 38, 50, 51, 73, 10, 63, 44, 62;
1, 67, 4, 2, 96, 18, 36, 68, 24, 39, 16, 32, 5, 16, 6, 1, 2, 4, 1, 3, 4, 2, 3, 2, 4, 1, 4, 3, 0, 1, 4, 2, 1, 3, 2, 3, 1, 4, 1, 2, 1, 0, 16.6, 16.7, 32.8, 36.3, 48.0, 89.8, 145.5, 383.8, 482.5, 1084.3, 1457.2, 4736.5, 16946.6, 10, 10, 12, 12, 13, 20, 23, 30, 30, 36, 40, 52, 67, 5, 52, 62, 49;
1, 54, 4, 1, 72, 64, 32, 26, 72, 21, 48, 20, 32, 18, 4, 2, 1, 3, 4, 4, 2, 4, 3, 4, 4, 4, 3, 2, 0, 2, 1, 1, 3, 1, 2, 1, 1, 1, 2, 3, 1, 0, 15.9, 15.8, 19.8, 24.5, 62.4, 72.5, 187.4, 208.6, 345.5, 1023.6, 2874.7, 9716.0, 16122.9, 10, 10, 10, 10, 11, 11, 14, 14, 19, 26, 37, 47, 54, 4, 50, 33, 23;
1, 61, 4, 4, 72, 144, 54, 92, 50, 34, 20, 8, 16, 6, 12, 1, 4, 3, 4, 3, 4, 2, 2, 2, 4, 2, 1, 3, 0, 2, 1, 2, 1, 3, 3, 3, 1, 3, 4, 2, 2, 0, 16.1, 16.3, 17.2, 23.7, 30.8, 66.1, 162.8, 282.9, 327.7, 1215.9, 3382.6, 4899.2, 15331.7, 10, 11, 11, 11, 14, 15, 15, 23, 23, 29, 40, 42, 61, 7, 46, 53, 54;
-1, 67, 4, 1, 72, 54, 88, 66, 60, 13, 18, 16, 12, 15, 6, 1, 1, 3, 3, 4, 3, 3, 1, 3, 2, 3, 3, 3, 0, 2, 2, 1, 2, 2, 4, 2, 3, 2, 2, 2, 4, 0, 16.0, 15.5, 20.1, 31.3, 50.9, 81.8, 136.2, 181.8, 473.4, 599.3, 1480.5, 4952.8, 43635.8, 10, 10, 11, 11, 11, 11, 16, 18, 30, 37, 48, 49, 67, -1, 38, 59, 68;
-1, 62, 4, 3, 24, 88, 16, 80, 34, 51, 28, 40, 7, 16, 6, 2, 3, 1, 4, 1, 4, 2, 3, 2, 4, 1, 4, 3, 0, 4, 1, 4, 1, 3, 2, 3, 1, 4, 1, 2, 3, 0, 15.9, 16.1, 21.8, 35.4, 38.0, 84.9, 94.3, 233.4, 310.5, 1065.5, 1421.6, 7056.2, 29215.1, 10, 11, 11, 13, 13, 16, 22, 26, 28, 41, 42, 47, 62, -7, 67, 69, 36;
1, 73, 4, 2, 72, 32, 72, 50, 28, 57, 30, 72, 16, 3, 18, 1, 2, 3, 2, 4, 2, 2, 3, 2, 4, 2, 3, 3, 0, 2, 3, 1, 3, 3, 2, 3, 1, 3, 2, 2, 3, 0, 17.0, 17.2, 28.1, 31.8, 59.1, 104.1, 164.3, 388.2, 540.1, 1093.8, 2715.6, 7322.5, 27847.7, 10, 10, 11, 11, 12, 13, 18, 28, 32, 45, 48, 54, 73, 27, 42, 32, 46;
1, 55, 4, 2, 96, 22, 40, 24, 32, 32, 24, 15, 6, 24, 1, 1, 2, 4, 1, 4, 2, 4, 4, 3, 3, 3, 4, 1, 0, 1, 4, 1, 3, 1, 1, 2, 2, 2, 1, 4, 4, 0, 17.5, 18.5, 28.9, 34.5, 58.6, 75.2, 142.1, 250.5, 403.4, 789.1, 1659.8, 13342.3, 35519.2, 10, 11, 13, 13, 14, 18, 20, 22, 23, 27, 30, 43, 55, 13, 39, 31, 42;
-1, 51, 4, 1, 96, 144, 30, 16, 68, 60, 36, 15, 16, 24, 16, 2, 1, 4, 4, 3, 4, 4, 3, 2, 3, 4, 3, 4, 0, 1, 1, 2, 1, 1, 2, 3, 2, 1, 2, 1, 4, 0, 18.1, 21.3, 24.7, 48.0, 46.5, 79.1, 132.6, 304.8, 457.6, 568.3, 1803.5, 4142.1, 37821.0, 10, 10, 10, 10, 10, 12, 13, 19, 20, 24, 28, 38, 51, -4, 55, 51, 40;
1, 51, 4, 3, 72, 32, 32, 45, 14, 33, 42, 27, 4, 8, 6, 1, 3, 3, 2, 4, 3, 1, 3, 3, 3, 1, 4, 3, 0, 2, 3, 1, 2, 4, 2, 2, 2, 4, 1, 2, 4, 0, 16.7, 20.3, 27.6, 31.4, 49.8, 97.2, 120.2, 213.0, 338.2, 1072.7, 1431.3, 5834.8, 40712.3, 10, 11, 13, 13, 15, 21, 21, 24, 28, 30, 38, 41, 51, 1, 25, 45, 50;
-1, 66, 4, 4, 72, 48, 78, 66, 48, 88, 44, 2, 30, 8, 8, 1, 4, 3, 3, 3, 3, 2, 4, 2, 1, 3, 4, 4, 0, 2, 2, 2, 2, 3, 1, 3, 4, 2, 1, 1, 2, 0, 16.3, 18.8, 19.1, 26.2, 51.3, 87.1, 97.2, 300.4, 645.6, 1142.5, 1849.6, 4723.5, 23253.3, 10, 11, 11, 12, 12, 16, 23, 32, 34, 34, 40, 46, 66, -9, 75, 59, 42;
1, 55, 4, 3, 96, 112, 51, 72, 16, 12, 45, 21, 15, 6, 8, 1, 3, 4, 4, 3, 4, 1, 3, 3, 3, 3, 3, 4, 0, 1, 1, 2, 1, 4, 2, 2, 2, 2, 2, 1, 1, 0, 17.4, 18.7, 20.8, 33.7, 38.3, 85.8, 98.8, 191.3, 335.5, 953.3, 2696.1, 4248.6, 14513.6, 10, 11, 11, 11, 14, 15, 16, 22, 30, 31, 37, 43, 55, 7, 38, 48, 40;
1, 64, 4, 2, 72, 66, 112, 128, 24, 24, 18, 48, 30, 32, 9, 1, 2, 3, 3, 4, 4, 1, 4, 2, 4, 3, 4, 3, 0, 2, 2, 1, 1, 4, 1, 3, 1, 2, 1, 2, 4, 0, 16.9, 16.8, 23.5, 31.9, 40.4, 101.7, 123.5, 362.8, 482.5, 1182.3, 1952.0, 4863.9, 43232.5, 10, 11, 12, 12, 12, 18, 18, 35, 41, 44, 44, 56, 64, 5, 59, 36, 38;
1, 61, 4, 4, 48, 66, 120, 96, 15, 80, 27, 16, 14, 12, 8, 2, 4, 2, 3, 4, 4, 1, 4, 3, 2, 2, 3, 4, 0, 3, 2, 1, 1, 4, 1, 2, 3, 3, 2, 1, 4, 0, 16.6, 18.1, 25.6, 32.7, 54.2, 116.5, 121.6, 357.4, 802.5, 1690.6, 2798.8, 5100.6, 40126.3, 10, 11, 12, 14, 15, 16, 16, 27, 36, 40, 44, 52, 61, 16, 34, 37, 45;
1, 71, 4, 2, 96, 16, 80, 63, 40, 39, 64, 16, 24, 12, 12, 2, 2, 4, 1, 4, 3, 4, 3, 4, 2, 4, 2, 4, 0, 1, 4, 1, 2, 1, 2, 1, 3, 1, 3, 1, 3, 0, 18.2, 19.1, 24.1, 26.1, 51.8, 78.1, 120.9, 191.2, 667.5, 744.6, 2258.4, 3747.1, 28611.9, 10, 10, 11, 11, 13, 15, 19, 19, 24, 35, 41, 58, 71, 29, 37, 42, 37;
1, 76, 4, 1, 72, 44, 48, 30, 80, 57, 16, 42, 16, 24, 12, 2, 1, 3, 2, 4, 2, 4, 3, 2, 3, 4, 4, 4, 0, 2, 3, 1, 3, 1, 2, 3, 2, 1, 1, 1, 4, 0, 17.1, 15.6, 21.3, 28.1, 55.3, 58.4, 100.4, 201.4, 303.5, 643.0, 1547.7, 4875.0, 39777.2, 10, 10, 12, 13, 16, 16, 17, 20, 36, 38, 44, 56, 76, 29, 36, 42, 47;
-1, 65, 4, 4, 48, 64, 42, 66, 48, 20, 56, 40, 30, 18, 5, 1, 4, 2, 4, 3, 3, 3, 2, 4, 4, 3, 3, 1, 0, 3, 1, 2, 2, 2, 3, 1, 1, 2, 2, 4, 1, 0, 17.2, 18.0, 20.7, 34.5, 59.6, 73.9, 112.0, 111.1, 252.3, 622.1, 1871.8, 13281.4, 16422.7, 10, 11, 11, 12, 15, 15, 17, 19, 26, 30, 42, 55, 65, -8, 43, 73, 63;
-1, 46, 4, 2, 72, 36, 48, 42, 48, 64, 20, 27, 15, 3, 8, 1, 2, 3, 2, 3, 3, 3, 4, 2, 3, 3, 1, 4, 0, 2, 3, 2, 2, 2, 1, 3, 2, 2, 4, 1, 2, 0, 17.2, 20.4, 22.8, 43.3, 58.7, 88.0, 98.2, 275.6, 317.9, 806.3, 2750.6, 3349.3, 18791.3, 10, 10, 10, 12, 12, 15, 15, 25, 28, 31, 35, 35, 46, -16, 62, 60, 42;
1, 64, 4, 4, 24, 64, 15, 72, 51, 96, 18, 3, 12, 6, 6, 1, 4, 1, 4, 1, 4, 3, 4, 2, 1, 3, 2, 2, 0, 4, 1, 4, 1, 2, 1, 3, 4, 2, 3, 3, 3, 0, 16.4, 17.9, 19.9, 38.2, 44.9, 98.5, 115.7, 444.5, 562.9, 612.8, 2300.8, 8228.7, 30745.1, 10, 11, 11, 13, 13, 14, 21, 29, 36, 38, 42, 50, 64, 12, 33, 52, 42;
1, 66, 4, 2, 72, 36, 54, 96, 28, 24, 39, 22, 16, 18, 6, 2, 2, 3, 2, 3, 4, 2, 3, 3, 2, 4, 3, 2, 0, 2, 3, 2, 1, 3, 2, 2, 3, 1, 2, 3, 2, 0, 15.7, 16.7, 25.8, 35.0, 54.3, 113.7, 133.2, 361.3, 800.9, 981.3, 1992.5, 7904.8, 13301.8, 10, 11, 12, 14, 16, 20, 23, 27, 33, 39, 44, 55, 66, 11, 42, 55, 42;
1, 67, 4, 4, 48, 48, 72, 64, 30, 42, 30, 33, 10, 24, 9, 2, 4, 2, 3, 4, 4, 2, 3, 3, 3, 2, 4, 3, 0, 3, 2, 1, 1, 3, 2, 2, 2, 3, 1, 2, 2, 0, 16.0, 18.4, 19.7, 31.1, 42.1, 74.6, 120.6, 177.1, 364.6, 649.7, 860.1, 5174.7, 15094.3, 10, 11, 12, 15, 17, 18, 20, 22, 27, 36, 47, 58, 67, 19, 48, 40, 43;
