#======================================================================================
# Kingdomino AI Experiment
#--------------------------------------------------------------------------------------
# 
# Player strategy:   MCE_PG_R
# Opponent strategy: FULL_GREEDY
# 
# Max search time: 2 (s)
# Max playouts: 0
# Runs: 200
# 
# System: Linux 3.20GHz
# Output file: kdom_exp-20170408-124651-rev-9186c19-cpu-3.20GHz/kdom_exp_MCE_PG_R_vs_FULL_GREEDY_T2_P0.m
# 
# Executing: 'java -jar out/kdom-exp.jar MCE_PG_R FULL_GREEDY kdom_exp-20170408-124651-rev-9186c19-cpu-3.20GHz/kdom_exp_MCE_PG_R_vs_FULL_GREEDY_T2_P0.m 2 0'
# Git Revision: 9186c19
#--------------------------------------------------------------------------------------

# win, score, num_players, available_moves(13), available_draft(13), chosen_draft_position(13), playouts_per_second(13), scores(13), score_diff, opponent_scores(3)
kdom_exp_MCE_PG_R_vs_FULL_GREEDY_T2_P0 = [
0, 56, 4, 2, 48, 48, 26, 32, 22, 24, 16, 5, 12, 32, 3, 2, 2, 2, 3, 2, 4, 2, 3, 2, 1, 3, 4, 3, 0, 3, 2, 3, 1, 3, 2, 3, 4, 2, 1, 2, 2, 0, 14.9, 19.1, 22.4, 44.7, 45.1, 100.9, 115.2, 369.3, 600.4, 1082.8, 2037.8, 5737.5, 18679.6, 10, 11, 11, 12, 12, 13, 13, 23, 31, 36, 42, 47, 56, 0, 56, 47, 42;
-1, 37, 4, 1, 96, 54, 75, 78, 81, 144, 84, 12, 14, 8, 12, 1, 1, 4, 2, 3, 3, 3, 4, 4, 3, 2, 4, 4, 0, 1, 3, 2, 2, 2, 1, 1, 2, 3, 1, 1, 3, 0, 13.4, 18.7, 20.5, 32.6, 39.3, 49.8, 71.9, 151.4, 349.0, 1324.2, 1758.4, 3941.0, 25081.9, 10, 10, 10, 10, 10, 11, 11, 13, 14, 27, 28, 29, 37, -16, 52, 51, 53;
1, 68, 4, 1, 72, 72, 32, 88, 40, 32, 64, 20, 20, 6, 16, 1, 1, 3, 4, 2, 4, 2, 2, 4, 2, 4, 2, 4, 0, 2, 1, 3, 1, 3, 3, 1, 3, 1, 3, 1, 3, 0, 12.6, 15.2, 20.1, 37.6, 36.0, 75.3, 130.1, 156.4, 428.3, 874.4, 3489.7, 5028.7, 26760.0, 10, 10, 11, 13, 13, 14, 17, 17, 32, 45, 59, 61, 68, 13, 42, 43, 55;
-1, 57, 4, 1, 72, 66, 44, 48, 66, 64, 12, 10, 24, 8, 16, 1, 1, 3, 3, 2, 3, 3, 4, 1, 2, 3, 2, 4, 0, 2, 2, 3, 2, 2, 1, 4, 3, 2, 3, 1, 4, 0, 13.7, 17.7, 23.0, 35.9, 50.7, 65.4, 85.4, 194.4, 456.5, 809.2, 2953.2, 5447.4, 37620.1, 10, 10, 11, 13, 14, 14, 14, 16, 19, 23, 38, 44, 57, -14, 62, 48, 71;
-1, 58, 4, 3, 96, 93, 12, 60, 17, 4, 6, 4, 56, 14, 16, 3, 3, 4, 3, 1, 3, 1, 4, 1, 1, 4, 2, 4, 0, 1, 2, 4, 2, 4, 1, 4, 4, 1, 3, 1, 4, 0, 16.5, 18.6, 20.8, 37.2, 43.0, 73.3, 75.5, 163.9, 498.7, 590.3, 2863.7, 4488.4, 39971.2, 10, 10, 13, 15, 17, 24, 24, 30, 40, 44, 45, 45, 58, -11, 46, 69, 64;
-1, 60, 4, 1, 72, 66, 54, 8, 56, 33, 32, 8, 16, 9, 6, 2, 1, 3, 3, 2, 1, 4, 3, 4, 1, 4, 3, 2, 0, 2, 2, 3, 4, 1, 2, 1, 4, 1, 2, 3, 1, 0, 14.8, 16.6, 21.5, 30.1, 50.4, 51.2, 135.2, 191.2, 481.8, 568.3, 1667.3, 8176.4, 14157.5, 10, 10, 11, 12, 14, 18, 25, 29, 33, 35, 37, 49, 60, -9, 42, 69, 42;
1, 57, 4, 4, 72, 93, 30, 72, 80, 42, 39, 24, 20, 4, 4, 2, 4, 3, 3, 2, 4, 4, 2, 3, 4, 2, 4, 2, 0, 2, 2, 3, 1, 1, 3, 2, 1, 3, 1, 3, 1, 0, 13.2, 17.3, 20.7, 43.8, 44.8, 63.1, 150.9, 235.6, 319.0, 921.5, 1106.6, 7127.4, 13108.5, 10, 10, 11, 12, 14, 14, 17, 19, 19, 32, 32, 34, 57, 3, 54, 37, 53;
-1, 51, 4, 2, 72, 54, 32, 112, 60, 26, 4, 5, 4, 6, 4, 1, 2, 3, 2, 2, 4, 3, 2, 4, 1, 4, 2, 2, 0, 2, 3, 3, 1, 2, 3, 1, 4, 1, 3, 3, 4, 0, 12.6, 15.3, 25.2, 35.7, 36.6, 72.1, 160.7, 219.8, 404.0, 464.0, 1762.9, 8548.3, 37315.6, 10, 10, 13, 14, 16, 17, 22, 22, 37, 37, 41, 47, 51, -6, 33, 54, 57;
-1, 54, 4, 3, 48, 32, 36, 84, 104, 23, 18, 12, 8, 8, 8, 2, 3, 2, 2, 2, 3, 4, 1, 3, 3, 2, 4, 4, 0, 3, 3, 3, 2, 1, 4, 2, 2, 3, 1, 1, 2, 0, 13.4, 19.7, 26.0, 32.4, 49.9, 73.9, 146.7, 205.1, 272.7, 874.1, 1003.7, 4229.1, 17962.9, 10, 11, 11, 13, 16, 18, 20, 21, 24, 38, 38, 40, 54, -7, 61, 50, 42;
1, 61, 4, 4, 72, 72, 48, 80, 5, 20, 33, 24, 24, 18, 4, 2, 4, 3, 4, 2, 4, 1, 4, 3, 4, 3, 3, 2, 0, 2, 1, 3, 1, 4, 1, 2, 1, 2, 2, 3, 2, 0, 14.2, 20.1, 21.8, 36.8, 39.2, 89.0, 87.7, 279.5, 336.7, 1103.8, 1823.0, 6625.0, 10725.8, 10, 10, 10, 13, 13, 14, 15, 17, 22, 25, 36, 44, 61, 3, 51, 44, 58;
1, 54, 4, 2, 96, 144, 176, 96, 16, 42, 12, 72, 12, 15, 4, 1, 2, 4, 4, 4, 3, 4, 2, 2, 4, 3, 3, 4, 0, 1, 1, 1, 2, 1, 3, 3, 1, 2, 2, 1, 4, 0, 12.7, 16.3, 18.3, 20.3, 37.0, 57.4, 147.3, 273.8, 403.4, 1007.1, 2652.1, 5498.7, 33331.4, 10, 10, 10, 10, 17, 18, 27, 29, 33, 36, 40, 40, 54, 2, 39, 40, 52;
-1, 59, 4, 3, 24, 104, 16, 57, 36, 18, 48, 28, 40, 14, 1, 1, 3, 1, 4, 2, 3, 3, 1, 4, 2, 4, 2, 1, 0, 4, 1, 3, 2, 2, 4, 1, 3, 1, 3, 4, 2, 0, 12.7, 16.3, 18.0, 39.4, 61.2, 65.8, 148.9, 198.9, 364.0, 473.1, 2924.7, 12794.8, 18207.6, 10, 11, 11, 12, 15, 15, 19, 21, 23, 25, 49, 51, 59, -7, 40, 66, 52;
1, 63, 4, 2, 72, 64, 44, 10, 36, 48, 32, 27, 4, 10, 4, 1, 2, 3, 4, 2, 1, 3, 4, 4, 3, 4, 2, 2, 0, 2, 1, 3, 4, 2, 1, 1, 2, 1, 3, 3, 3, 0, 15.6, 17.0, 21.6, 40.8, 78.7, 92.9, 140.5, 217.7, 414.3, 621.6, 2617.3, 7861.7, 24992.1, 10, 10, 10, 11, 12, 12, 12, 12, 17, 24, 36, 55, 63, 7, 43, 56, 55;
1, 68, 4, 2, 96, 144, 36, 75, 44, 60, 72, 10, 12, 18, 12, 1, 2, 4, 4, 2, 3, 2, 3, 4, 2, 2, 3, 3, 0, 1, 1, 3, 2, 3, 2, 1, 3, 3, 2, 2, 2, 0, 12.9, 17.4, 22.8, 37.2, 51.1, 98.1, 159.1, 184.8, 379.9, 454.9, 1327.8, 6063.8, 20411.9, 10, 10, 10, 11, 11, 13, 13, 13, 15, 33, 35, 48, 68, 22, 39, 42, 46;
-1, 51, 4, 1, 96, 64, 57, 96, 152, 1, 50, 21, 39, 16, 15, 2, 1, 4, 4, 3, 3, 4, 1, 2, 3, 3, 4, 3, 0, 1, 1, 2, 2, 1, 4, 3, 2, 2, 1, 2, 4, 0, 15.7, 19.6, 23.3, 34.8, 51.7, 73.9, 133.7, 187.8, 391.7, 985.5, 1426.8, 6697.2, 41034.9, 10, 10, 10, 11, 13, 13, 13, 18, 24, 34, 34, 46, 51, -12, 61, 48, 63;
1, 62, 4, 1, 96, 72, 75, 54, 96, 36, 54, 48, 32, 24, 4, 6, 1, 4, 4, 3, 2, 4, 2, 3, 3, 2, 3, 4, 0, 1, 1, 2, 3, 1, 3, 2, 2, 3, 2, 1, 3, 0, 14.6, 17.8, 18.9, 28.1, 43.1, 59.3, 190.1, 281.2, 527.9, 1385.2, 2484.2, 3914.9, 25214.6, 10, 10, 11, 12, 13, 16, 17, 19, 33, 44, 48, 48, 62, 13, 44, 49, 39;
-1, 53, 4, 1, 72, 81, 136, 56, 30, 9, 24, 16, 6, 12, 15, 1, 1, 3, 3, 4, 4, 2, 1, 4, 2, 2, 2, 3, 0, 2, 2, 1, 1, 3, 4, 1, 3, 3, 3, 2, 4, 0, 15.6, 17.5, 22.7, 31.5, 40.7, 78.9, 133.4, 162.3, 428.9, 789.1, 1867.9, 6331.4, 38031.4, 10, 10, 11, 11, 13, 14, 15, 17, 23, 29, 37, 41, 53, -22, 75, 62, 71;
-1, 57, 4, 4, 96, 31, 64, 54, 48, 56, 33, 3, 12, 32, 18, 3, 4, 4, 1, 4, 3, 3, 4, 3, 3, 2, 4, 3, 0, 1, 4, 1, 2, 2, 1, 2, 2, 3, 1, 2, 3, 0, 13.8, 16.4, 31.5, 33.9, 53.7, 95.5, 104.3, 312.6, 511.4, 1066.8, 1457.2, 5864.8, 26970.1, 10, 10, 13, 13, 14, 17, 19, 20, 20, 35, 37, 43, 57, -6, 63, 58, 25;
1, 67, 4, 4, 96, 54, 48, 22, 44, 48, 18, 9, 24, 2, 12, 1, 4, 4, 3, 4, 2, 4, 4, 2, 1, 4, 1, 4, 0, 1, 2, 1, 3, 1, 1, 3, 4, 1, 4, 1, 4, 0, 13.4, 18.2, 25.1, 33.0, 54.1, 92.1, 110.2, 237.9, 633.1, 729.3, 2371.3, 3138.0, 33841.9, 10, 10, 11, 11, 13, 13, 13, 25, 41, 43, 55, 60, 67, 17, 41, 41, 50;
-1, 53, 4, 4, 96, 16, 84, 152, 120, 18, 18, 32, 18, 15, 16, 1, 4, 4, 1, 3, 4, 4, 3, 1, 4, 3, 3, 4, 0, 1, 4, 2, 1, 1, 2, 4, 1, 2, 2, 1, 4, 0, 13.4, 20.7, 30.3, 36.9, 44.0, 73.7, 169.1, 334.6, 325.8, 636.6, 2400.1, 5360.6, 40534.6, 10, 10, 11, 11, 11, 12, 17, 24, 24, 29, 41, 45, 53, -5, 58, 42, 50;
-1, 50, 4, 2, 72, 72, 48, 23, 18, 22, 4, 36, 16, 12, 10, 1, 2, 3, 4, 2, 1, 3, 2, 4, 3, 4, 3, 2, 0, 2, 1, 3, 4, 2, 3, 1, 2, 1, 2, 3, 3, 0, 13.4, 19.5, 20.9, 29.7, 55.9, 57.7, 130.0, 164.0, 289.9, 446.3, 1271.0, 9505.0, 24924.1, 10, 11, 11, 12, 15, 15, 20, 20, 22, 24, 24, 26, 50, -6, 53, 56, 53;
-1, 51, 4, 3, 48, 48, 16, 38, 18, 12, 36, 26, 16, 6, 2, 2, 3, 2, 3, 1, 2, 2, 2, 3, 2, 4, 2, 2, 0, 3, 2, 4, 3, 3, 3, 2, 3, 1, 3, 3, 1, 0, 13.4, 20.8, 25.3, 35.8, 61.6, 96.0, 160.1, 253.6, 592.2, 761.2, 2487.3, 8557.5, 15236.4, 10, 11, 12, 13, 14, 16, 18, 21, 27, 30, 36, 44, 51, -11, 42, 44, 62;
1, 68, 4, 1, 72, 78, 56, 8, 6, 10, 80, 14, 12, 15, 1, 2, 1, 3, 3, 2, 4, 3, 1, 4, 2, 4, 3, 1, 0, 2, 2, 3, 1, 2, 4, 1, 3, 1, 2, 4, 1, 0, 14.2, 18.1, 20.7, 32.3, 36.5, 69.9, 141.8, 191.9, 403.2, 477.0, 2117.3, 9803.4, 11261.4, 10, 10, 11, 12, 13, 16, 18, 18, 27, 29, 37, 43, 68, 10, 45, 36, 58;
