#======================================================================================
# Kingdomino AI Experiment
#--------------------------------------------------------------------------------------
# 
# Player strategy:   MCE_PG_R
# Opponent strategy: FULL_GREEDY
# 
# Max search time: 6 (s)
# Max playouts: 0
# Runs: 200
# 
# System: Linux 3.20GHz
# Output file: kdom_exp-20170408-124651-rev-9186c19-cpu-3.20GHz/kdom_exp_MCE_PG_R_vs_FULL_GREEDY_T6_P0.m
# 
# Executing: 'java -jar out/kdom-exp.jar MCE_PG_R FULL_GREEDY kdom_exp-20170408-124651-rev-9186c19-cpu-3.20GHz/kdom_exp_MCE_PG_R_vs_FULL_GREEDY_T6_P0.m 6 0'
# Git Revision: 9186c19
#--------------------------------------------------------------------------------------

# win, score, num_players, available_moves(13), available_draft(13), chosen_draft_position(13), playouts_per_second(13), scores(13), score_diff, opponent_scores(3)
kdom_exp_MCE_PG_R_vs_FULL_GREEDY_T6_P0 = [
-1, 44, 4, 1, 96, 27, 72, 39, 64, 13, 48, 32, 12, 5, 6, 1, 1, 4, 1, 4, 3, 4, 1, 4, 4, 2, 1, 3, 0, 1, 4, 1, 2, 1, 4, 1, 1, 3, 4, 2, 1, 0, 15.6, 18.0, 20.5, 21.6, 42.9, 64.3, 145.1, 146.0, 317.2, 1007.4, 2428.4, 4111.9, 12473.0, 10, 10, 12, 4, 5, 5, 7, 13, 22, 28, 36, 44, 44, -22, 51, 66, 54;
1, 66, 4, 3, 48, 66, 54, 50, 20, 40, 6, 36, 21, 10, 16, 1, 3, 2, 3, 3, 2, 1, 2, 2, 3, 3, 2, 4, 0, 3, 2, 2, 3, 4, 3, 3, 2, 2, 3, 1, 4, 0, 15.8, 17.5, 21.0, 30.0, 54.9, 72.0, 147.9, 281.6, 345.6, 671.5, 3610.8, 4476.0, 44568.5, 10, 10, 11, 13, 14, 16, 19, 19, 29, 44, 49, 57, 66, 3, 63, 60, 54;
-1, 52, 4, 3, 72, 72, 42, 36, 64, 39, 18, 18, 9, 16, 8, 1, 3, 3, 4, 3, 3, 4, 3, 3, 3, 3, 4, 4, 0, 2, 1, 2, 2, 1, 2, 2, 2, 2, 1, 1, 3, 0, 17.0, 18.2, 18.7, 27.5, 38.7, 56.1, 134.7, 217.2, 420.0, 1047.9, 1502.6, 5804.5, 27555.8, 10, 11, 11, 12, 15, 15, 19, 21, 27, 36, 40, 44, 52, -5, 50, 56, 57;
-1, 52, 4, 2, 72, 66, 64, 75, 17, 16, 48, 15, 16, 18, 3, 1, 2, 3, 3, 4, 3, 1, 2, 4, 1, 2, 3, 1, 0, 2, 2, 1, 2, 4, 3, 1, 4, 3, 2, 4, 4, 0, 16.1, 16.9, 22.9, 25.8, 51.2, 88.9, 139.2, 164.2, 458.7, 701.4, 1654.4, 11926.9, 39197.3, 10, 11, 14, 14, 15, 16, 18, 20, 27, 29, 38, 42, 52, -4, 54, 56, 55;
1, 65, 4, 1, 96, 72, 36, 48, 54, 56, 40, 24, 16, 8, 6, 1, 1, 4, 4, 2, 3, 3, 4, 4, 4, 4, 4, 2, 0, 1, 1, 3, 2, 2, 1, 1, 1, 1, 1, 3, 3, 0, 17.5, 17.1, 20.9, 39.5, 54.7, 95.7, 106.5, 227.4, 484.6, 1081.1, 1523.7, 9207.9, 27973.0, 10, 10, 10, 11, 13, 16, 20, 22, 26, 32, 38, 50, 65, 8, 57, 53, 42;
-1, 49, 4, 1, 72, 36, 75, 64, 48, 48, 30, 3, 32, 9, 6, 1, 1, 3, 2, 3, 4, 3, 4, 3, 1, 4, 3, 3, 0, 2, 3, 2, 1, 2, 1, 2, 4, 1, 2, 2, 4, 0, 16.3, 19.2, 22.8, 31.7, 48.9, 90.8, 115.7, 228.9, 671.8, 901.7, 1930.5, 7413.3, 41285.6, 10, 10, 11, 11, 11, 14, 18, 21, 24, 24, 31, 35, 49, -4, 44, 53, 49;
-1, 68, 4, 4, 48, 48, 72, 36, 56, 12, 26, 24, 14, 8, 8, 1, 4, 2, 3, 4, 2, 4, 2, 2, 4, 2, 2, 4, 0, 3, 2, 1, 3, 1, 3, 3, 1, 3, 3, 1, 4, 0, 17.3, 17.3, 21.0, 31.0, 53.9, 59.7, 129.0, 291.3, 328.1, 836.5, 2066.4, 3224.6, 43259.8, 10, 12, 12, 12, 16, 16, 19, 25, 27, 37, 45, 47, 68, -8, 68, 76, 48;
1, 51, 4, 4, 48, 44, 32, 32, 30, 24, 2, 40, 40, 15, 12, 2, 4, 2, 2, 2, 2, 3, 2, 1, 4, 4, 3, 4, 0, 3, 3, 3, 3, 2, 3, 4, 1, 1, 2, 1, 3, 0, 16.5, 18.1, 27.4, 34.3, 55.8, 63.3, 206.3, 513.8, 740.3, 1010.9, 1851.4, 3459.5, 25167.0, 10, 11, 12, 12, 15, 15, 17, 20, 22, 24, 29, 35, 51, 4, 47, 46, 41;
1, 52, 4, 4, 24, 66, 46, 72, 27, 3, 20, 14, 40, 15, 9, 2, 4, 1, 3, 2, 4, 1, 3, 2, 2, 4, 3, 3, 0, 4, 2, 3, 1, 4, 2, 3, 3, 1, 2, 2, 1, 0, 14.4, 17.0, 22.4, 36.6, 51.5, 100.6, 101.8, 179.0, 357.6, 491.9, 1599.7, 5847.4, 13574.0, 10, 12, 12, 13, 13, 16, 16, 19, 25, 29, 32, 46, 52, 9, 42, 29, 43;
1, 73, 4, 3, 72, 54, 44, 72, 80, 38, 40, 36, 16, 8, 12, 2, 3, 3, 3, 2, 3, 4, 2, 4, 4, 4, 2, 3, 0, 2, 2, 3, 2, 1, 3, 1, 1, 1, 3, 2, 3, 0, 19.1, 19.0, 20.1, 38.1, 56.0, 82.6, 199.5, 278.2, 491.0, 907.0, 2724.8, 7066.0, 28893.9, 10, 11, 12, 15, 17, 21, 28, 30, 32, 33, 52, 60, 73, 9, 49, 17, 64;
-1, 53, 4, 2, 96, 32, 48, 51, 56, 34, 42, 9, 8, 12, 12, 2, 2, 4, 2, 4, 3, 4, 2, 3, 1, 4, 4, 3, 0, 1, 3, 1, 2, 1, 3, 2, 4, 1, 1, 2, 3, 0, 17.2, 17.7, 25.3, 28.5, 42.8, 56.8, 158.3, 187.5, 577.3, 503.7, 1432.1, 6523.2, 24774.1, 10, 10, 11, 11, 14, 16, 19, 21, 26, 26, 35, 45, 53, -2, 55, 43, 55;
-1, 35, 4, 3, 96, 16, 72, 108, 12, 40, 2, 11, 16, 24, 16, 3, 3, 4, 1, 4, 4, 1, 2, 2, 1, 4, 3, 4, 0, 1, 4, 1, 1, 4, 3, 3, 4, 1, 2, 1, 3, 0, 17.0, 17.2, 22.5, 22.7, 35.9, 73.8, 143.4, 185.8, 400.0, 454.5, 1593.8, 3061.7, 27218.6, 10, 10, 11, 11, 2, 5, 7, 7, 12, 14, 22, 25, 35, -26, 60, 37, 61;
-1, 46, 4, 1, 96, 44, 24, 68, 16, 76, 48, 24, 21, 32, 6, 2, 1, 4, 2, 3, 4, 1, 4, 4, 3, 3, 4, 2, 0, 1, 3, 2, 1, 4, 1, 1, 2, 2, 1, 3, 1, 0, 17.2, 18.3, 27.9, 31.8, 44.5, 107.3, 143.9, 274.2, 554.0, 1092.4, 1785.4, 10662.0, 17910.5, 10, 10, 11, 11, 14, 15, 15, 25, 28, 29, 33, 35, 46, -11, 48, 57, 43;
-1, 53, 4, 3, 48, 88, 44, 88, 54, 52, 14, 32, 8, 4, 2, 2, 3, 2, 4, 2, 4, 3, 4, 2, 4, 2, 4, 1, 0, 3, 1, 3, 1, 2, 1, 3, 1, 3, 1, 4, 3, 0, 16.1, 16.4, 21.0, 34.9, 46.6, 90.3, 114.0, 270.1, 345.9, 896.1, 1220.5, 11845.5, 23636.5, 10, 11, 12, 13, 13, 15, 15, 17, 21, 34, 34, 48, 53, -9, 44, 62, 45;
1, 67, 4, 4, 72, 120, 24, 75, 66, 64, 13, 16, 18, 24, 8, 2, 4, 3, 3, 2, 3, 3, 4, 1, 4, 2, 4, 2, 0, 2, 2, 3, 2, 2, 1, 4, 1, 3, 1, 3, 4, 0, 17.3, 19.9, 23.3, 38.7, 69.2, 79.4, 114.9, 422.9, 494.7, 1113.9, 1375.8, 8947.2, 41550.1, 10, 10, 10, 12, 12, 12, 18, 24, 24, 27, 35, 48, 67, 14, 38, 53, 48;
-1, 47, 4, 2, 48, 104, 19, 88, 30, 54, 18, 24, 32, 8, 6, 1, 2, 2, 4, 1, 4, 2, 3, 2, 4, 4, 4, 2, 0, 3, 1, 4, 1, 3, 2, 3, 1, 1, 1, 3, 1, 0, 16.6, 17.0, 24.1, 35.0, 33.3, 94.4, 114.6, 361.2, 519.6, 1213.9, 1899.1, 10583.5, 14948.4, 10, 11, 11, 14, 14, 16, 24, 25, 27, 31, 35, 47, 47, -3, 49, 34, 50;
1, 73, 4, 1, 72, 104, 108, 96, 48, 26, 18, 40, 12, 18, 6, 2, 1, 3, 4, 4, 4, 2, 2, 3, 4, 2, 3, 3, 0, 2, 1, 1, 1, 3, 3, 2, 1, 3, 2, 2, 1, 0, 16.8, 19.5, 19.4, 29.1, 42.6, 80.3, 162.8, 242.3, 489.8, 1253.9, 2089.1, 7768.9, 14417.2, 10, 10, 10, 14, 14, 20, 23, 25, 34, 46, 51, 60, 73, 18, 37, 55, 54;
-1, 47, 4, 4, 72, 54, 48, 18, 28, 7, 12, 24, 12, 4, 9, 2, 4, 3, 2, 4, 3, 2, 1, 2, 4, 3, 4, 3, 0, 2, 3, 1, 2, 3, 4, 3, 1, 2, 1, 2, 1, 0, 15.8, 17.1, 24.0, 30.3, 48.3, 84.3, 143.8, 238.8, 316.7, 702.3, 851.5, 4367.6, 10336.2, 10, 11, 12, 12, 12, 16, 18, 20, 22, 24, 24, 29, 47, -10, 57, 52, 56;
1, 66, 4, 4, 24, 112, 30, 40, 40, 28, 32, 28, 40, 14, 8, 2, 4, 1, 4, 3, 4, 2, 2, 4, 4, 4, 2, 2, 0, 4, 1, 2, 1, 3, 3, 1, 1, 1, 3, 3, 4, 0, 16.0, 17.6, 21.3, 28.2, 35.1, 98.4, 190.3, 205.0, 364.3, 770.6, 2437.2, 7933.5, 42254.9, 10, 11, 11, 12, 14, 15, 19, 21, 27, 29, 37, 47, 66, 6, 59, 35, 60;
-1, 62, 4, 3, 48, 22, 54, 26, 32, 13, 28, 24, 18, 6, 6, 1, 3, 2, 1, 3, 1, 4, 1, 2, 4, 3, 3, 3, 0, 3, 4, 2, 4, 1, 4, 3, 1, 2, 2, 2, 1, 0, 17.1, 16.8, 27.9, 34.6, 83.8, 91.9, 190.9, 342.3, 401.9, 1097.3, 1952.8, 4748.2, 15223.1, 10, 11, 12, 12, 18, 20, 33, 34, 37, 40, 47, 53, 62, -2, 59, 64, 42;
1, 78, 4, 4, 48, 42, 34, 104, 40, 84, 52, 24, 32, 2, 12, 2, 4, 2, 2, 2, 4, 2, 4, 4, 3, 4, 2, 3, 0, 3, 3, 3, 1, 3, 1, 1, 2, 1, 3, 2, 2, 0, 17.4, 17.8, 24.1, 32.8, 36.5, 80.4, 86.6, 187.2, 561.5, 703.7, 3554.2, 8105.3, 21585.8, 10, 11, 11, 12, 12, 13, 14, 21, 30, 46, 50, 56, 78, 20, 53, 58, 26;
0, 61, 4, 2, 48, 66, 48, 88, 72, 88, 80, 60, 24, 18, 4, 2, 2, 2, 3, 2, 4, 3, 4, 4, 4, 3, 3, 4, 0, 3, 2, 3, 1, 2, 1, 1, 1, 2, 2, 1, 1, 0, 15.4, 17.7, 20.2, 31.5, 30.6, 72.7, 101.0, 148.5, 270.4, 502.4, 1774.2, 3763.3, 14471.1, 10, 11, 12, 13, 15, 21, 25, 29, 30, 32, 45, 47, 61, 0, 61, 45, 44;
-1, 44, 4, 3, 48, 84, 24, 16, 42, 72, 26, 5, 12, 20, 2, 1, 3, 2, 4, 1, 4, 3, 3, 2, 1, 3, 4, 1, 0, 3, 1, 4, 1, 2, 2, 3, 4, 2, 1, 4, 3, 0, 15.4, 16.7, 19.3, 41.7, 41.8, 93.0, 123.3, 249.7, 438.1, 564.3, 991.9, 11502.8, 24701.6, 10, 11, 12, 15, 15, 17, 17, 20, 23, 23, 28, 35, 44, -8, 52, 47, 48;
