#======================================================================================
# Kingdomino AI Experiment
#--------------------------------------------------------------------------------------
# 
# Player strategy:   MCE_PG_R
# Opponent strategy: FULL_GREEDY
# 
# Max search time: 10 (s)
# Max playouts: 0
# Runs: 200
# 
# System: Linux 3.20GHz
# Output file: kdom_exp-20170408-124651-rev-9186c19-cpu-3.20GHz/kdom_exp_MCE_PG_R_vs_FULL_GREEDY_T10_P0.m
# 
# Executing: 'java -jar out/kdom-exp.jar MCE_PG_R FULL_GREEDY kdom_exp-20170408-124651-rev-9186c19-cpu-3.20GHz/kdom_exp_MCE_PG_R_vs_FULL_GREEDY_T10_P0.m 10 0'
# Git Revision: 9186c19
#--------------------------------------------------------------------------------------

# win, score, num_players, available_moves(13), available_draft(13), chosen_draft_position(13), playouts_per_second(13), scores(13), score_diff, opponent_scores(3)
kdom_exp_MCE_PG_R_vs_FULL_GREEDY_T10_P0 = [
1, 69, 4, 4, 24, 64, 39, 48, 30, 30, 64, 27, 14, 18, 8, 2, 4, 1, 4, 3, 4, 3, 3, 4, 3, 2, 3, 4, 0, 4, 1, 2, 1, 2, 2, 1, 2, 3, 2, 1, 4, 0, 16.5, 17.0, 18.6, 35.1, 54.1, 94.0, 130.8, 177.3, 389.7, 952.5, 2600.7, 4829.4, 37487.0, 10, 11, 11, 12, 14, 16, 17, 23, 30, 35, 45, 53, 69, 15, 48, 54, 43;
1, 59, 4, 1, 96, 48, 44, 40, 30, 30, 10, 8, 24, 8, 8, 1, 1, 4, 3, 2, 2, 2, 3, 2, 4, 3, 2, 4, 0, 1, 2, 3, 3, 3, 2, 3, 1, 2, 3, 1, 2, 0, 17.7, 19.8, 18.1, 26.1, 42.5, 83.7, 109.6, 309.0, 315.7, 1214.0, 2929.1, 4378.1, 18176.6, 10, 10, 10, 13, 14, 17, 18, 22, 24, 25, 40, 46, 59, 1, 45, 58, 53;
1, 70, 4, 1, 48, 48, 38, 72, 18, 64, 24, 16, 16, 8, 6, 2, 1, 2, 3, 2, 4, 2, 4, 4, 2, 4, 2, 3, 0, 3, 2, 3, 1, 3, 1, 1, 3, 1, 3, 2, 2, 0, 16.2, 17.4, 22.3, 28.6, 39.5, 102.1, 118.1, 151.0, 492.3, 694.2, 2702.5, 4436.4, 16288.4, 10, 11, 12, 15, 16, 21, 27, 31, 42, 44, 48, 52, 70, 17, 38, 53, 42;
1, 70, 4, 2, 96, 48, 28, 18, 48, 38, 56, 32, 20, 15, 6, 2, 2, 4, 3, 2, 1, 4, 2, 4, 4, 4, 3, 2, 0, 1, 2, 3, 4, 1, 3, 1, 1, 1, 2, 3, 2, 0, 17.2, 18.2, 20.4, 36.1, 42.3, 53.3, 124.8, 170.6, 217.0, 381.2, 1475.4, 7041.2, 16679.9, 10, 10, 11, 12, 13, 15, 18, 18, 20, 35, 47, 57, 70, 10, 40, 60, 60;
1, 61, 4, 4, 48, 116, 54, 72, 84, 20, 64, 22, 30, 9, 12, 2, 4, 2, 4, 3, 3, 3, 2, 4, 2, 3, 3, 3, 0, 3, 1, 2, 2, 2, 3, 1, 3, 2, 2, 2, 3, 0, 17.5, 16.6, 18.3, 36.0, 48.1, 79.3, 159.1, 231.0, 812.3, 1371.4, 2927.0, 6908.2, 28444.0, 10, 11, 12, 13, 14, 15, 21, 23, 28, 30, 33, 36, 61, 5, 52, 56, 42;
1, 69, 4, 3, 72, 87, 144, 100, 80, 16, 32, 30, 21, 9, 3, 1, 3, 3, 3, 4, 4, 4, 2, 4, 3, 3, 3, 3, 0, 2, 2, 1, 1, 1, 3, 1, 2, 2, 2, 2, 4, 0, 15.9, 17.1, 23.3, 27.6, 35.6, 53.9, 117.1, 133.0, 310.6, 708.3, 1849.5, 6415.6, 35811.3, 10, 11, 11, 11, 14, 16, 21, 21, 34, 43, 47, 55, 69, 21, 47, 48, 36;
1, 74, 4, 2, 72, 22, 63, 57, 32, 48, 21, 15, 16, 12, 2, 2, 2, 3, 1, 3, 3, 2, 3, 3, 3, 4, 4, 1, 0, 2, 4, 2, 2, 3, 2, 2, 2, 1, 1, 4, 3, 0, 17.7, 19.4, 27.6, 34.2, 53.0, 79.2, 119.2, 262.2, 641.5, 896.6, 1924.6, 14205.8, 26724.4, 10, 11, 12, 12, 14, 16, 16, 18, 25, 33, 48, 59, 74, 5, 38, 69, 65;
0, 62, 4, 2, 96, 64, 66, 104, 22, 40, 20, 22, 10, 6, 8, 1, 2, 4, 4, 3, 4, 1, 4, 2, 2, 2, 3, 4, 0, 1, 1, 2, 1, 4, 1, 3, 3, 3, 2, 1, 4, 0, 18.5, 20.8, 19.4, 27.4, 37.4, 99.0, 109.0, 317.9, 438.0, 1443.0, 2548.5, 4599.1, 40994.8, 10, 10, 10, 13, 18, 21, 21, 28, 37, 46, 54, 62, 62, 0, 62, 52, 55;
1, 62, 4, 4, 48, 54, 56, 21, 54, 28, 52, 13, 12, 28, 3, 2, 4, 2, 2, 2, 1, 3, 2, 4, 1, 2, 4, 1, 0, 3, 3, 3, 4, 2, 3, 1, 4, 3, 1, 4, 4, 0, 17.7, 17.2, 24.1, 37.0, 57.9, 75.3, 135.5, 238.5, 565.9, 804.1, 1431.0, 11047.6, 36205.8, 10, 11, 14, 15, 20, 20, 21, 22, 29, 29, 32, 55, 62, 10, 52, 37, 38;
1, 69, 4, 1, 96, 81, 75, 69, 112, 36, 30, 32, 27, 12, 4, 2, 1, 4, 3, 3, 3, 4, 2, 3, 4, 3, 2, 1, 0, 1, 2, 2, 2, 1, 3, 2, 1, 2, 3, 4, 3, 0, 16.4, 16.3, 21.0, 28.8, 51.5, 67.2, 168.6, 320.5, 437.4, 1143.6, 2276.7, 14982.9, 27408.4, 10, 10, 13, 18, 19, 23, 25, 27, 30, 44, 48, 62, 69, 13, 32, 56, 47;
-1, 49, 4, 1, 96, 64, 38, 26, 88, 6, 48, 36, 15, 2, 16, 1, 1, 4, 4, 2, 1, 4, 3, 4, 4, 3, 1, 4, 0, 1, 1, 3, 4, 1, 2, 1, 1, 2, 4, 1, 4, 0, 17.1, 18.4, 20.4, 44.2, 72.5, 81.2, 159.4, 203.3, 376.8, 792.5, 3304.6, 4932.6, 36572.3, 10, 10, 10, 13, 14, 16, 16, 20, 27, 29, 33, 35, 49, -1, 42, 50, 50;
1, 75, 4, 1, 96, 84, 69, 64, 88, 63, 54, 9, 48, 27, 8, 2, 1, 4, 4, 3, 4, 4, 3, 3, 3, 4, 3, 4, 0, 1, 1, 2, 1, 1, 2, 2, 2, 1, 2, 1, 2, 0, 18.4, 18.8, 18.5, 29.0, 47.2, 57.0, 123.9, 220.3, 334.6, 703.0, 2380.8, 5229.1, 18422.7, 10, 10, 11, 12, 13, 15, 19, 23, 23, 46, 60, 60, 75, 6, 46, 69, 62;
1, 73, 4, 1, 48, 66, 45, 36, 68, 39, 27, 48, 24, 9, 16, 2, 1, 2, 3, 3, 2, 4, 3, 3, 4, 3, 3, 4, 0, 3, 2, 2, 3, 1, 2, 2, 1, 2, 2, 1, 3, 0, 15.8, 16.7, 19.1, 34.5, 48.1, 65.2, 137.4, 256.7, 341.1, 660.8, 2068.8, 4810.2, 26300.3, 10, 10, 10, 11, 13, 14, 16, 20, 22, 27, 53, 60, 73, 7, 64, 56, 66;
-1, 54, 4, 1, 48, 54, 81, 104, 60, 72, 72, 33, 8, 12, 8, 1, 1, 2, 3, 3, 4, 3, 4, 4, 3, 4, 3, 4, 0, 3, 2, 2, 1, 2, 1, 1, 2, 1, 2, 1, 4, 0, 16.1, 19.3, 17.7, 26.4, 29.0, 69.7, 105.8, 164.7, 336.9, 425.3, 1963.3, 2992.5, 40128.5, 10, 10, 10, 11, 13, 18, 18, 18, 34, 34, 46, 54, 54, -4, 55, 58, 56;
1, 71, 4, 1, 96, 64, 44, 72, 46, 30, 40, 20, 20, 7, 6, 2, 1, 4, 4, 2, 3, 2, 2, 4, 2, 4, 1, 2, 0, 1, 1, 3, 2, 3, 3, 1, 3, 1, 4, 3, 1, 0, 16.5, 17.4, 20.3, 30.2, 37.9, 67.8, 117.9, 203.9, 439.8, 650.8, 3114.2, 11683.1, 16806.4, 10, 10, 10, 13, 14, 19, 22, 27, 34, 34, 43, 58, 71, 12, 48, 59, 55;
-1, 57, 4, 1, 96, 64, 42, 46, 72, 66, 34, 30, 8, 14, 8, 1, 1, 4, 4, 3, 2, 3, 3, 2, 3, 4, 2, 4, 0, 1, 1, 2, 3, 2, 2, 3, 2, 1, 3, 1, 4, 0, 16.6, 16.1, 17.8, 33.9, 61.6, 73.5, 119.1, 248.8, 365.5, 496.8, 1854.9, 2623.2, 38512.1, 10, 10, 11, 13, 16, 16, 16, 19, 34, 36, 40, 40, 57, -1, 58, 56, 58;
1, 69, 4, 2, 72, 72, 99, 54, 84, 30, 12, 12, 40, 9, 6, 1, 2, 3, 4, 3, 2, 3, 3, 1, 3, 4, 3, 3, 0, 2, 1, 2, 3, 2, 2, 4, 2, 1, 2, 2, 3, 0, 16.9, 18.4, 20.7, 26.5, 51.4, 85.6, 194.5, 387.9, 533.2, 886.4, 1792.8, 5666.5, 25408.8, 10, 11, 11, 12, 14, 14, 16, 18, 19, 21, 36, 49, 69, 23, 42, 46, 37;
1, 53, 4, 2, 72, 120, 30, 66, 16, 80, 9, 8, 21, 6, 2, 1, 2, 3, 3, 3, 3, 1, 4, 1, 2, 3, 2, 1, 0, 2, 2, 2, 2, 4, 1, 4, 3, 2, 3, 4, 3, 0, 16.4, 18.2, 22.1, 28.8, 48.0, 93.0, 106.0, 302.0, 475.7, 1061.3, 2189.5, 11143.7, 26539.7, 10, 10, 10, 11, 12, 15, 19, 30, 34, 37, 38, 46, 53, 2, 34, 47, 51;
-1, 69, 4, 3, 72, 48, 40, 30, 16, 33, 10, 48, 30, 10, 6, 2, 3, 3, 3, 2, 2, 1, 3, 1, 4, 3, 2, 3, 0, 2, 2, 3, 3, 4, 2, 4, 1, 2, 3, 2, 2, 0, 17.8, 19.4, 23.0, 35.3, 51.3, 92.1, 135.5, 402.7, 597.3, 1007.8, 3222.7, 8623.4, 20829.9, 10, 10, 11, 14, 15, 16, 17, 22, 24, 44, 58, 59, 69, -6, 45, 75, 44;
1, 50, 4, 3, 48, 32, 40, 12, 33, 42, 24, 10, 16, 8, 6, 1, 3, 2, 2, 4, 1, 3, 3, 2, 2, 4, 2, 3, 0, 3, 3, 1, 4, 2, 2, 3, 3, 1, 3, 2, 4, 0, 17.0, 18.0, 25.4, 27.6, 53.7, 61.4, 94.2, 168.4, 373.1, 394.8, 2663.7, 7156.8, 39944.2, 10, 11, 12, 12, 15, 15, 17, 26, 31, 31, 35, 44, 50, 2, 48, 46, 48;
1, 66, 4, 4, 48, 63, 42, 80, 10, 16, 11, 40, 20, 12, 15, 1, 4, 2, 3, 3, 4, 1, 4, 1, 4, 4, 3, 3, 0, 3, 2, 2, 1, 4, 1, 4, 1, 1, 2, 2, 3, 0, 18.5, 19.6, 25.0, 32.4, 43.7, 116.5, 128.2, 309.1, 347.3, 634.4, 1616.1, 6819.8, 28383.7, 10, 11, 11, 14, 8, 10, 10, 17, 17, 28, 39, 49, 66, 22, 39, 40, 44;
1, 63, 4, 3, 48, 88, 38, 96, 33, 22, 28, 12, 15, 6, 8, 1, 3, 2, 4, 2, 4, 3, 2, 4, 2, 3, 2, 4, 0, 3, 1, 3, 1, 2, 3, 1, 3, 2, 3, 1, 3, 0, 16.7, 16.9, 20.9, 36.6, 44.5, 87.9, 199.2, 238.7, 478.7, 997.2, 2889.9, 3193.2, 27376.9, 10, 11, 12, 13, 15, 22, 26, 38, 42, 45, 50, 52, 63, 13, 47, 37, 50;
1, 64, 4, 1, 72, 54, 112, 63, 104, 88, 44, 14, 4, 10, 12, 1, 1, 3, 2, 4, 3, 4, 4, 2, 2, 2, 2, 3, 0, 2, 3, 1, 2, 1, 1, 3, 3, 3, 3, 2, 4, 0, 17.9, 18.9, 24.9, 28.9, 46.8, 81.4, 121.6, 305.4, 603.6, 1331.5, 1926.2, 5729.9, 40805.4, 10, 10, 11, 13, 13, 17, 19, 30, 32, 33, 39, 53, 64, 20, 39, 44, 40;
