#======================================================================================
# Kingdomino AI Experiment
#--------------------------------------------------------------------------------------
# 
# Player strategy:   MCE_PG_R
# Opponent strategy: FULL_GREEDY
# 
# Max search time: 0.2 (s)
# Max playouts: 0
# Runs: 200
# 
# System: Linux 3.20GHz
# Output file: kdom_exp-20170408-124651-rev-9186c19-cpu-3.20GHz/kdom_exp_MCE_PG_R_vs_FULL_GREEDY_T0.2_P0.m
# 
# Executing: 'java -jar out/kdom-exp.jar MCE_PG_R FULL_GREEDY kdom_exp-20170408-124651-rev-9186c19-cpu-3.20GHz/kdom_exp_MCE_PG_R_vs_FULL_GREEDY_T0.2_P0.m 0.2 0'
# Git Revision: 9186c19
#--------------------------------------------------------------------------------------

# win, score, num_players, available_moves(13), available_draft(13), chosen_draft_position(13), playouts_per_second(13), scores(13), score_diff, opponent_scores(3)
kdom_exp_MCE_PG_R_vs_FULL_GREEDY_T0_2_P0 = [
0, 54, 4, 4, 96, 54, 30, 96, 14, 40, 42, 15, 10, 2, 4, 2, 4, 4, 3, 3, 4, 1, 4, 3, 3, 2, 1, 4, 0, 1, 2, 2, 1, 4, 1, 2, 2, 3, 4, 1, 3, 0, 4.8, 15.3, 14.5, 29.7, 32.8, 105.9, 143.1, 307.8, 485.4, 1187.9, 2611.3, 3343.6, 25399.5, 10, 10, 10, 11, 11, 13, 13, 20, 29, 40, 44, 44, 54, 0, 54, 33, 40;
-1, 31, 4, 1, 96, 72, 54, 16, 42, 24, 24, 24, 14, 3, 4, 2, 1, 4, 4, 3, 4, 3, 4, 4, 4, 2, 1, 4, 0, 1, 1, 2, 1, 2, 1, 1, 1, 3, 4, 1, 4, 0, 9.9, 12.9, 16.3, 29.9, 44.4, 91.8, 95.9, 228.1, 286.3, 707.1, 2404.9, 2726.0, 34208.3, 10, 10, 10, 10, 10, 12, 12, 12, 12, 20, 24, 24, 31, -28, 45, 59, 49;
-1, 37, 4, 2, 96, 48, 52, 32, 64, 80, 72, 1, 24, 24, 4, 2, 2, 4, 3, 2, 2, 4, 4, 4, 1, 4, 3, 1, 0, 1, 2, 3, 3, 1, 1, 1, 4, 1, 2, 4, 1, 0, 4.7, 12.8, 16.9, 28.3, 36.3, 55.3, 135.6, 219.0, 366.0, 473.2, 2001.5, 10268.7, 14995.7, 10, 10, 11, 11, 12, 12, 13, 13, 13, 13, 21, 33, 37, -33, 55, 70, 45;
-1, 50, 4, 3, 48, 88, 23, 40, 44, 39, 14, 32, 3, 2, 8, 1, 3, 2, 4, 1, 2, 2, 3, 1, 4, 3, 1, 2, 0, 3, 1, 4, 3, 3, 2, 4, 1, 2, 4, 3, 3, 0, 4.9, 12.6, 13.9, 30.5, 45.9, 83.5, 159.8, 293.4, 453.7, 764.7, 2015.8, 7323.2, 22521.3, 10, 11, 12, 16, 17, 19, 24, 27, 31, 31, 38, 48, 50, -9, 59, 36, 44;
-1, 36, 4, 2, 72, 88, 75, 18, 92, 12, 54, 72, 16, 8, 12, 2, 2, 3, 4, 3, 1, 4, 3, 3, 4, 4, 2, 4, 0, 2, 1, 2, 4, 1, 2, 2, 1, 1, 3, 1, 2, 0, 7.7, 13.3, 16.7, 22.7, 51.5, 81.0, 145.6, 342.4, 508.3, 689.7, 2677.9, 4670.9, 17719.1, 10, 11, 12, 13, 15, 16, 16, 6, 8, 10, 23, 27, 36, -26, 37, 62, 45;
-1, 43, 4, 2, 96, 88, 24, 80, 96, 6, 22, 6, 16, 8, 9, 1, 2, 4, 4, 1, 4, 4, 1, 2, 1, 4, 2, 3, 0, 1, 1, 4, 1, 1, 4, 3, 4, 1, 3, 2, 3, 0, 4.9, 9.2, 14.9, 31.8, 36.0, 58.7, 129.6, 217.8, 514.6, 530.9, 2158.5, 5722.6, 27777.0, 10, 10, 10, 11, 13, 16, 17, 17, 20, 20, 23, 29, 43, -19, 62, 58, 53;
-1, 40, 4, 1, 96, 22, 39, 78, 4, 48, 32, 7, 40, 2, 3, 1, 1, 4, 1, 3, 3, 1, 2, 4, 1, 4, 1, 3, 0, 1, 4, 2, 2, 4, 3, 1, 4, 1, 4, 2, 3, 0, 4.3, 9.6, 22.1, 39.8, 42.0, 116.2, 182.1, 225.1, 555.9, 644.8, 3312.8, 4658.7, 15684.6, 10, 10, 12, 13, 13, 16, 16, 18, 23, 23, 27, 27, 40, -28, 66, 57, 68;
-1, 53, 4, 1, 96, 16, 36, 38, 76, 57, 3, 12, 4, 8, 16, 2, 1, 4, 1, 3, 2, 4, 3, 1, 3, 1, 4, 4, 0, 1, 4, 2, 3, 1, 2, 4, 2, 4, 1, 1, 4, 0, 4.1, 14.0, 23.7, 23.2, 29.7, 46.8, 139.3, 262.7, 310.8, 994.1, 1198.7, 4188.6, 32894.5, 10, 10, 12, 12, 14, 15, 16, 20, 24, 31, 31, 39, 53, -13, 35, 66, 45;
-1, 35, 4, 4, 96, 27, 40, 60, 64, 16, 8, 32, 32, 24, 2, 2, 4, 4, 1, 2, 3, 4, 4, 4, 4, 4, 4, 2, 0, 1, 4, 3, 2, 1, 1, 1, 1, 1, 1, 3, 4, 0, 6.7, 13.2, 19.2, 23.9, 34.2, 56.1, 129.8, 173.9, 424.5, 881.3, 1260.7, 6193.0, 33993.8, 10, 10, 13, 13, 15, 9, 9, 9, 15, 15, 30, 30, 35, -26, 42, 61, 38;
-1, 53, 4, 1, 96, 144, 120, 4, 88, 14, 8, 32, 12, 10, 1, 2, 1, 4, 4, 4, 1, 4, 1, 1, 4, 2, 2, 1, 0, 1, 1, 1, 4, 1, 4, 4, 1, 3, 3, 4, 1, 0, 7.5, 14.5, 11.7, 19.6, 38.5, 52.9, 134.1, 227.3, 272.7, 1006.7, 2083.6, 11046.9, 13629.9, 10, 10, 10, 11, 12, 12, 19, 20, 20, 22, 31, 41, 53, -17, 70, 52, 56;
-1, 46, 4, 1, 96, 32, 81, 87, 72, 30, 68, 6, 14, 24, 6, 1, 1, 4, 2, 3, 3, 4, 2, 4, 1, 2, 4, 3, 0, 1, 3, 2, 2, 1, 3, 1, 4, 3, 1, 2, 3, 0, 5.0, 14.4, 19.8, 21.5, 29.6, 63.1, 98.1, 139.5, 649.8, 1742.6, 2550.9, 6297.7, 21533.6, 10, 10, 11, 13, 14, 14, 19, 20, 23, 24, 31, 46, 46, -31, 77, 45, 48;
-1, 50, 4, 4, 72, 48, 48, 57, 8, 28, 6, 15, 12, 2, 8, 2, 4, 3, 3, 4, 3, 2, 2, 1, 3, 3, 1, 4, 0, 2, 2, 1, 2, 3, 3, 4, 2, 2, 4, 1, 2, 0, 6.6, 18.2, 19.5, 22.1, 44.9, 85.7, 150.0, 293.8, 456.4, 831.5, 1844.6, 2048.7, 15025.4, 10, 10, 12, 12, 12, 16, 19, 20, 24, 30, 38, 41, 50, -11, 59, 61, 55;
-1, 23, 4, 3, 96, 48, 42, 60, 88, 64, 22, 18, 16, 2, 12, 1, 3, 4, 3, 3, 3, 4, 4, 2, 3, 4, 2, 3, 0, 1, 2, 2, 2, 1, 1, 3, 2, 1, 3, 2, 4, 0, 4.9, 11.8, 17.9, 31.5, 41.5, 58.1, 152.7, 254.9, 531.9, 712.3, 1598.6, 4896.4, 27912.7, 10, 10, 11, 12, 2, 4, 4, 5, 10, 12, 12, 19, 23, -24, 42, 40, 47;
-1, 35, 4, 3, 72, 44, 104, 56, 76, 30, 4, 7, 8, 5, 12, 2, 3, 3, 2, 4, 4, 4, 3, 4, 1, 4, 1, 3, 0, 2, 3, 1, 1, 1, 2, 1, 4, 1, 4, 2, 1, 0, 7.0, 13.0, 19.8, 24.9, 32.2, 71.1, 134.2, 181.2, 669.4, 782.5, 2603.1, 6894.3, 13595.3, 10, 10, 11, 11, 13, 13, 16, 16, 18, 20, 28, 31, 35, -10, 45, 42, 40;
-1, 50, 4, 4, 96, 18, 48, 48, 24, 10, 80, 6, 12, 15, 12, 2, 4, 4, 1, 3, 4, 3, 1, 4, 3, 3, 3, 3, 0, 1, 4, 2, 1, 2, 4, 1, 2, 2, 2, 2, 4, 0, 4.3, 14.2, 16.7, 28.2, 26.1, 54.6, 180.4, 193.1, 392.5, 918.0, 1969.4, 4975.8, 36015.3, 10, 11, 13, 14, 14, 16, 21, 21, 27, 30, 33, 42, 50, -12, 62, 58, 51;
-1, 43, 4, 4, 96, 93, 58, 36, 68, 42, 16, 3, 36, 8, 8, 2, 4, 4, 3, 2, 3, 4, 3, 2, 1, 4, 4, 2, 0, 1, 2, 3, 2, 1, 2, 3, 4, 1, 1, 3, 2, 0, 7.9, 11.9, 20.3, 24.6, 38.7, 64.8, 113.5, 308.2, 479.2, 630.5, 1532.2, 6816.4, 17429.9, 10, 10, 13, 14, 14, 14, 16, 17, 21, 22, 24, 27, 43, -12, 39, 42, 55;
-1, 40, 4, 3, 72, 18, 60, 24, 4, 24, 16, 56, 18, 8, 16, 1, 3, 3, 1, 4, 2, 1, 3, 2, 4, 3, 2, 4, 0, 2, 4, 1, 3, 4, 2, 3, 1, 2, 3, 1, 2, 0, 4.6, 11.5, 18.7, 24.2, 43.1, 113.0, 117.3, 278.3, 269.3, 710.5, 2446.1, 6601.9, 20013.8, 10, 10, 11, 11, 12, 15, 16, 25, 25, 26, 29, 29, 40, -7, 36, 46, 47;
-1, 33, 4, 4, 96, 48, 54, 36, 56, 8, 4, 24, 5, 24, 4, 1, 4, 4, 3, 3, 2, 4, 1, 1, 4, 1, 4, 2, 0, 1, 2, 2, 3, 1, 4, 4, 1, 4, 1, 3, 3, 0, 7.2, 16.4, 16.5, 20.7, 50.0, 68.3, 114.0, 276.6, 256.0, 1067.7, 1666.7, 10341.8, 24948.4, 10, 10, 10, 12, 14, 16, 18, 20, 22, 30, 30, 33, 33, -19, 36, 52, 40;
-1, 21, 4, 4, 96, 27, 32, 36, 12, 42, 33, 14, 6, 16, 3, 1, 4, 4, 1, 4, 2, 3, 3, 3, 2, 1, 4, 3, 0, 1, 4, 1, 3, 2, 2, 2, 3, 4, 1, 2, 3, 0, 7.7, 16.7, 23.5, 24.4, 57.7, 62.1, 104.5, 232.8, 369.6, 1109.6, 1282.9, 7246.0, 23622.5, 10, 10, 11, 11, 16, 16, 16, 6, 10, 12, 12, 21, 21, -28, 44, 49, 47;
-1, 48, 4, 4, 72, 108, 51, 42, 10, 32, 12, 16, 4, 12, 9, 2, 4, 3, 4, 3, 3, 1, 4, 2, 4, 1, 3, 3, 0, 2, 1, 2, 2, 4, 1, 3, 1, 4, 2, 2, 4, 0, 7.5, 12.7, 14.3, 27.8, 42.6, 83.3, 97.8, 285.2, 325.2, 1002.2, 1810.8, 7614.9, 40109.5, 10, 11, 11, 12, 12, 14, 18, 19, 21, 27, 28, 30, 48, -28, 76, 17, 66;
1, 71, 4, 3, 48, 112, 54, 144, 10, 7, 32, 24, 18, 12, 3, 1, 3, 2, 4, 2, 4, 1, 1, 4, 4, 3, 3, 1, 0, 3, 1, 3, 1, 4, 4, 1, 1, 2, 2, 4, 4, 0, 5.0, 12.8, 13.2, 34.1, 28.8, 70.3, 125.9, 144.2, 201.5, 528.2, 1631.1, 10064.3, 32931.9, 10, 11, 11, 14, 16, 17, 21, 23, 25, 33, 41, 49, 71, 15, 48, 56, 54;
-1, 44, 4, 1, 96, 62, 40, 88, 4, 48, 8, 8, 5, 8, 12, 2, 1, 4, 2, 4, 4, 1, 4, 2, 4, 1, 4, 3, 0, 1, 3, 1, 1, 4, 1, 3, 1, 4, 1, 2, 1, 0, 6.8, 10.5, 15.0, 23.5, 33.3, 74.9, 91.8, 212.9, 240.9, 1157.5, 1320.4, 5197.1, 13370.4, 10, 10, 11, 11, 11, 13, 13, 18, 18, 26, 26, 33, 44, -22, 66, 59, 34;
-1, 51, 4, 2, 72, 93, 24, 63, 39, 7, 40, 3, 16, 3, 2, 2, 2, 3, 3, 2, 3, 3, 1, 4, 1, 4, 1, 1, 0, 2, 2, 3, 2, 2, 4, 1, 4, 1, 4, 4, 4, 0, 4.2, 12.0, 15.9, 26.1, 27.9, 54.8, 146.2, 188.5, 483.1, 510.1, 3341.2, 12016.9, 36362.2, 10, 10, 11, 13, 14, 15, 18, 18, 22, 26, 35, 39, 51, -2, 48, 53, 53;
-1, 20, 4, 3, 48, 54, 120, 160, 56, 4, 8, 32, 16, 9, 2, 1, 3, 2, 2, 4, 4, 4, 1, 4, 4, 2, 3, 2, 0, 3, 3, 1, 1, 1, 4, 1, 1, 3, 2, 3, 2, 0, 3.9, 13.8, 17.9, 24.3, 32.4, 54.7, 159.3, 169.5, 424.5, 1013.9, 2029.5, 8213.9, 20892.9, 10, 10, 13, 13, 3, 3, 5, 5, 9, 15, 16, 20, 20, -30, 46, 43, 50;
