#======================================================================================
# Kingdomino AI Experiment
#--------------------------------------------------------------------------------------
# 
# Player strategy:   MCE_PG_R
# Opponent strategy: FULL_GREEDY
# 
# Max search time: 0.3 (s)
# Max playouts: 0
# Runs: 200
# 
# System: Linux 3.20GHz
# Output file: kdom_exp-20170408-124651-rev-9186c19-cpu-3.20GHz/kdom_exp_MCE_PG_R_vs_FULL_GREEDY_T0.3_P0.m
# 
# Executing: 'java -jar out/kdom-exp.jar MCE_PG_R FULL_GREEDY kdom_exp-20170408-124651-rev-9186c19-cpu-3.20GHz/kdom_exp_MCE_PG_R_vs_FULL_GREEDY_T0.3_P0.m 0.3 0'
# Git Revision: 9186c19
#--------------------------------------------------------------------------------------

# win, score, num_players, available_moves(13), available_draft(13), chosen_draft_position(13), playouts_per_second(13), scores(13), score_diff, opponent_scores(3)
kdom_exp_MCE_PG_R_vs_FULL_GREEDY_T0_3_P0 = [
-1, 34, 4, 3, 72, 64, 51, 18, 42, 64, 18, 3, 30, 16, 3, 2, 3, 3, 4, 3, 2, 2, 4, 2, 3, 3, 4, 3, 0, 2, 1, 2, 3, 3, 1, 3, 2, 2, 1, 2, 3, 0, 6.1, 12.3, 16.6, 21.5, 44.2, 85.3, 113.3, 241.8, 294.3, 452.9, 1075.5, 6734.5, 22216.1, 10, 10, 10, 11, 15, 8, 12, 13, 13, 13, 16, 18, 34, -20, 34, 54, 53;
-1, 39, 4, 4, 96, 16, 40, 39, 45, 30, 24, 21, 12, 6, 3, 1, 4, 4, 1, 2, 3, 3, 3, 3, 3, 2, 2, 3, 0, 1, 4, 3, 2, 2, 2, 2, 2, 3, 3, 2, 1, 0, 6.1, 16.7, 19.5, 35.5, 56.5, 113.3, 177.0, 237.8, 346.3, 873.3, 2280.6, 5147.1, 14981.7, 10, 10, 11, 12, 13, 16, 10, 14, 17, 26, 37, 37, 39, -21, 56, 44, 60;
1, 69, 4, 1, 96, 64, 57, 80, 28, 7, 36, 21, 4, 18, 6, 1, 1, 4, 4, 3, 4, 2, 1, 4, 3, 1, 3, 3, 0, 1, 1, 2, 1, 3, 4, 1, 2, 4, 2, 2, 3, 0, 8.8, 15.5, 17.0, 26.2, 47.6, 92.1, 228.4, 268.0, 529.4, 1810.5, 2659.6, 7044.2, 18496.4, 10, 10, 10, 11, 12, 16, 20, 21, 28, 47, 47, 51, 69, 13, 51, 46, 56;
-1, 47, 4, 4, 24, 32, 64, 30, 26, 54, 40, 40, 10, 18, 4, 1, 4, 1, 2, 4, 2, 2, 3, 4, 4, 2, 3, 2, 0, 4, 3, 1, 3, 3, 2, 1, 1, 3, 2, 3, 4, 0, 7.9, 11.5, 19.1, 24.2, 55.1, 82.8, 125.6, 144.3, 298.6, 782.8, 2166.3, 9521.2, 36149.1, 10, 11, 12, 12, 13, 15, 16, 16, 20, 24, 30, 38, 47, -14, 27, 32, 61;
-1, 44, 4, 4, 24, 64, 64, 28, 72, 34, 18, 30, 16, 8, 2, 1, 4, 1, 4, 4, 4, 3, 2, 3, 3, 2, 4, 2, 0, 4, 1, 1, 1, 2, 3, 2, 2, 3, 1, 3, 2, 0, 8.7, 15.8, 17.6, 31.3, 47.3, 68.9, 181.6, 313.1, 568.4, 1421.9, 2173.7, 8764.4, 14892.5, 10, 11, 11, 11, 13, 13, 17, 12, 13, 19, 32, 44, 44, -16, 40, 60, 43;
1, 50, 4, 1, 96, 62, 128, 8, 72, 16, 8, 8, 32, 16, 3, 2, 1, 4, 2, 4, 2, 4, 1, 4, 2, 4, 4, 1, 0, 1, 3, 1, 3, 1, 4, 1, 3, 1, 1, 4, 2, 0, 8.3, 11.8, 17.8, 28.9, 42.7, 64.3, 199.5, 202.2, 526.6, 839.8, 1131.8, 11918.4, 16506.1, 10, 10, 3, 3, 5, 10, 23, 23, 27, 27, 33, 41, 50, 3, 46, 46, 47;
-1, 40, 4, 2, 96, 64, 40, 48, 42, 32, 40, 4, 16, 5, 4, 1, 2, 4, 4, 4, 2, 3, 2, 4, 1, 4, 1, 4, 0, 1, 1, 1, 3, 2, 3, 1, 4, 1, 4, 1, 4, 0, 10.4, 15.7, 17.6, 21.2, 42.6, 62.8, 99.9, 123.0, 625.7, 685.6, 2999.1, 4654.1, 38222.4, 10, 10, 10, 10, 13, 13, 17, 19, 21, 21, 23, 24, 40, -15, 39, 47, 55;
-1, 50, 4, 2, 48, 81, 57, 39, 36, 52, 48, 16, 24, 10, 6, 1, 2, 2, 3, 3, 3, 3, 4, 4, 2, 4, 2, 3, 0, 3, 2, 2, 2, 2, 1, 1, 3, 1, 3, 2, 3, 0, 9.1, 12.5, 19.0, 28.0, 52.2, 80.9, 120.8, 255.6, 496.0, 577.7, 1931.4, 4177.0, 25638.9, 10, 11, 12, 14, 16, 18, 19, 21, 23, 33, 35, 41, 50, -7, 34, 38, 57;
-1, 36, 4, 2, 24, 104, 15, 18, 56, 12, 4, 24, 2, 8, 10, 1, 2, 1, 4, 1, 3, 4, 2, 4, 2, 2, 4, 2, 0, 4, 1, 4, 2, 1, 3, 1, 3, 3, 1, 3, 1, 0, 8.1, 11.7, 11.9, 37.4, 44.4, 70.2, 146.4, 161.7, 384.7, 1122.9, 1444.5, 8329.9, 16598.3, 10, 11, 11, 16, 16, 16, 21, 21, 28, 30, 30, 36, 36, -21, 57, 46, 57;
-1, 50, 4, 3, 96, 58, 120, 128, 38, 32, 56, 21, 7, 18, 12, 2, 3, 4, 2, 3, 4, 2, 2, 4, 3, 1, 3, 4, 0, 1, 3, 2, 1, 3, 3, 1, 2, 4, 2, 1, 3, 0, 5.6, 12.4, 18.5, 27.2, 40.8, 81.6, 101.7, 165.4, 325.9, 846.0, 1487.0, 3472.0, 19869.2, 10, 10, 11, 11, 13, 4, 5, 10, 17, 20, 31, 33, 50, -2, 52, 49, 44;
-1, 42, 4, 2, 48, 108, 108, 10, 38, 16, 21, 30, 24, 8, 12, 1, 2, 2, 4, 3, 1, 2, 4, 3, 3, 4, 4, 3, 0, 3, 1, 2, 4, 3, 1, 2, 2, 1, 1, 2, 4, 0, 5.5, 11.2, 19.9, 35.4, 66.2, 121.5, 150.4, 292.3, 347.7, 573.9, 1486.4, 5238.3, 41051.4, 10, 11, 12, 12, 13, 14, 14, 17, 19, 21, 25, 30, 42, -9, 51, 39, 46;
-1, 47, 4, 1, 96, 48, 20, 42, 72, 42, 16, 12, 32, 24, 8, 1, 1, 4, 3, 2, 3, 4, 2, 4, 2, 4, 4, 2, 0, 1, 2, 3, 2, 1, 3, 1, 3, 1, 1, 3, 3, 0, 6.4, 11.9, 22.6, 30.3, 38.9, 56.6, 149.8, 203.1, 426.5, 567.7, 1253.4, 6297.8, 20000.5, 10, 10, 11, 11, 14, 17, 20, 20, 22, 26, 33, 40, 47, -8, 51, 55, 52;
-1, 51, 4, 1, 96, 31, 48, 45, 30, 12, 12, 40, 14, 6, 16, 1, 1, 4, 1, 3, 3, 2, 1, 3, 4, 2, 2, 4, 0, 1, 4, 2, 2, 3, 4, 2, 1, 3, 3, 1, 4, 0, 7.8, 13.5, 20.5, 29.4, 44.8, 74.7, 169.7, 191.0, 243.2, 635.9, 2282.4, 3344.4, 37508.2, 10, 10, 11, 12, 12, 13, 15, 17, 17, 23, 35, 37, 51, -10, 34, 61, 49;
-1, 47, 4, 2, 96, 16, 72, 16, 84, 24, 45, 4, 8, 4, 8, 1, 2, 4, 1, 4, 4, 4, 3, 3, 1, 2, 2, 4, 0, 1, 4, 1, 1, 1, 2, 2, 4, 3, 3, 1, 4, 0, 8.0, 11.7, 17.0, 27.8, 36.4, 65.8, 102.0, 189.8, 296.7, 898.2, 2707.6, 3801.9, 38865.5, 10, 10, 12, 12, 12, 12, 16, 19, 24, 34, 35, 35, 47, -18, 57, 65, 52;
-1, 44, 4, 3, 96, 72, 19, 40, 18, 36, 9, 21, 16, 4, 8, 1, 3, 4, 4, 1, 4, 2, 3, 1, 3, 4, 4, 4, 0, 1, 1, 4, 1, 3, 2, 4, 2, 1, 1, 1, 2, 0, 6.4, 13.7, 14.8, 25.2, 31.6, 68.6, 101.1, 188.0, 375.2, 495.9, 1000.7, 3817.6, 15792.8, 10, 10, 10, 11, 11, 15, 16, 22, 29, 33, 33, 44, 44, -22, 56, 46, 66;
-1, 33, 4, 2, 96, 93, 17, 88, 88, 64, 34, 27, 18, 16, 2, 1, 2, 4, 3, 1, 4, 4, 4, 2, 3, 3, 4, 2, 0, 1, 2, 4, 1, 1, 1, 3, 2, 2, 1, 3, 1, 0, 8.3, 14.4, 13.6, 24.8, 33.3, 54.7, 86.6, 183.3, 226.2, 621.8, 1107.2, 7080.0, 12559.2, 10, 10, 13, 15, 6, 6, 6, 7, 11, 24, 27, 33, 33, -23, 56, 51, 51;
-1, 56, 4, 1, 96, 18, 48, 28, 48, 48, 22, 8, 12, 6, 16, 2, 1, 4, 1, 3, 2, 4, 4, 2, 2, 3, 3, 4, 0, 1, 4, 2, 3, 1, 1, 3, 3, 2, 2, 1, 4, 0, 6.6, 11.0, 22.9, 29.0, 42.6, 61.3, 109.9, 232.7, 459.6, 752.5, 2425.0, 3487.9, 36590.7, 10, 10, 11, 11, 12, 14, 16, 24, 31, 34, 43, 47, 56, -5, 61, 43, 54;
-1, 50, 4, 4, 48, 104, 66, 57, 44, 10, 32, 12, 4, 24, 6, 1, 4, 2, 4, 3, 3, 4, 1, 4, 3, 4, 4, 3, 0, 3, 1, 2, 2, 1, 4, 1, 2, 1, 1, 2, 3, 0, 6.4, 12.2, 16.5, 33.2, 50.2, 97.7, 331.3, 403.1, 830.8, 1068.4, 1984.8, 6412.5, 27665.5, 10, 11, 13, 14, 14, 15, 17, 17, 22, 22, 30, 39, 50, -5, 46, 55, 45;
-1, 56, 4, 1, 96, 16, 66, 30, 42, 64, 33, 44, 21, 21, 8, 2, 1, 4, 1, 3, 3, 3, 4, 3, 4, 3, 3, 4, 0, 1, 4, 2, 2, 2, 1, 2, 1, 2, 2, 1, 1, 0, 10.5, 13.9, 18.8, 26.3, 44.2, 75.5, 128.9, 219.9, 354.8, 951.1, 2351.1, 4793.1, 15422.2, 10, 10, 11, 11, 11, 15, 17, 17, 21, 27, 35, 41, 56, -5, 45, 37, 61;
-1, 44, 4, 4, 24, 54, 14, 72, 56, 60, 16, 33, 4, 2, 24, 1, 4, 1, 3, 1, 4, 4, 4, 1, 3, 1, 1, 4, 0, 4, 2, 4, 1, 1, 1, 4, 2, 4, 4, 1, 4, 0, 6.4, 10.6, 16.3, 40.4, 48.6, 75.0, 125.9, 193.7, 476.4, 1212.0, 3564.4, 5148.8, 37089.5, 10, 11, 11, 14, 15, 15, 19, 20, 21, 25, 27, 33, 44, -15, 50, 58, 59;
-1, 49, 4, 4, 24, 72, 48, 30, 24, 36, 12, 16, 4, 24, 6, 1, 4, 1, 4, 2, 3, 2, 3, 3, 2, 4, 4, 2, 0, 4, 1, 3, 2, 3, 2, 2, 3, 1, 1, 3, 3, 0, 9.4, 13.2, 18.9, 27.3, 45.2, 79.2, 98.1, 184.7, 422.0, 518.3, 1696.5, 8562.3, 20937.9, 10, 12, 12, 13, 14, 17, 19, 20, 22, 22, 24, 28, 49, -14, 61, 61, 63;
-1, 48, 4, 4, 24, 81, 80, 24, 20, 64, 56, 40, 8, 4, 12, 1, 4, 1, 3, 4, 2, 1, 4, 4, 4, 2, 1, 3, 0, 4, 2, 1, 3, 4, 1, 1, 1, 3, 4, 2, 3, 0, 8.7, 11.4, 16.1, 31.8, 61.3, 95.4, 111.4, 298.8, 477.2, 1472.5, 2751.9, 4906.0, 24954.0, 10, 11, 11, 12, 15, 18, 18, 18, 18, 21, 25, 33, 48, -18, 43, 43, 66;
1, 49, 4, 1, 72, 144, 48, 12, 45, 36, 12, 32, 12, 24, 4, 2, 1, 3, 4, 4, 2, 3, 3, 2, 4, 3, 4, 1, 0, 2, 1, 1, 3, 2, 2, 3, 1, 2, 1, 4, 2, 0, 9.6, 11.7, 16.6, 23.4, 47.5, 66.1, 127.3, 297.7, 313.0, 1049.8, 1641.5, 9302.1, 13473.0, 10, 11, 11, 11, 12, 13, 13, 17, 17, 29, 31, 42, 49, 1, 43, 40, 48;
-1, 52, 4, 3, 48, 44, 75, 87, 60, 56, 80, 42, 8, 24, 6, 1, 3, 2, 2, 3, 3, 3, 4, 4, 3, 2, 4, 2, 0, 3, 3, 2, 2, 2, 1, 1, 2, 3, 1, 3, 2, 0, 6.1, 10.2, 16.1, 37.2, 33.5, 85.2, 131.8, 215.8, 360.6, 1039.9, 1226.4, 7684.8, 13041.0, 10, 11, 12, 17, 17, 18, 18, 18, 20, 23, 29, 38, 52, -6, 37, 58, 44;
