#======================================================================================
# Kingdomino AI Experiment
#--------------------------------------------------------------------------------------
# 
# Player strategy:   MCE_PG_R
# Opponent strategy: FULL_GREEDY
# 
# Max search time: 4 (s)
# Max playouts: 0
# Runs: 200
# 
# System: Linux 3.20GHz
# Output file: kdom_exp-20170408-124651-rev-9186c19-cpu-3.20GHz/kdom_exp_MCE_PG_R_vs_FULL_GREEDY_T4_P0.m
# 
# Executing: 'java -jar out/kdom-exp.jar MCE_PG_R FULL_GREEDY kdom_exp-20170408-124651-rev-9186c19-cpu-3.20GHz/kdom_exp_MCE_PG_R_vs_FULL_GREEDY_T4_P0.m 4 0'
# Git Revision: 9186c19
#--------------------------------------------------------------------------------------

# win, score, num_players, available_moves(13), available_draft(13), chosen_draft_position(13), playouts_per_second(13), scores(13), score_diff, opponent_scores(3)
kdom_exp_MCE_PG_R_vs_FULL_GREEDY_T4_P0 = [
-1, 62, 4, 2, 72, 81, 46, 24, 40, 6, 24, 27, 12, 2, 16, 1, 2, 3, 3, 2, 3, 2, 1, 4, 3, 2, 2, 4, 0, 2, 2, 3, 2, 3, 4, 1, 2, 3, 3, 1, 3, 0, 16.0, 16.8, 17.7, 25.5, 35.9, 98.1, 159.5, 204.3, 412.5, 832.1, 2054.3, 3243.5, 21568.0, 10, 10, 11, 13, 13, 14, 20, 23, 26, 35, 41, 45, 62, -8, 55, 70, 49;
-1, 45, 4, 1, 96, 36, 40, 36, 22, 72, 20, 24, 52, 1, 8, 2, 1, 4, 2, 2, 4, 2, 4, 2, 3, 4, 1, 4, 0, 1, 3, 3, 1, 3, 1, 3, 2, 1, 4, 1, 1, 0, 15.3, 19.1, 22.6, 32.1, 38.4, 93.3, 97.9, 328.9, 384.3, 908.3, 4802.4, 5408.6, 15704.6, 10, 10, 12, 13, 13, 15, 17, 19, 19, 23, 32, 36, 45, -13, 52, 58, 57;
-1, 48, 4, 3, 96, 44, 88, 18, 26, 48, 32, 5, 21, 4, 4, 5, 3, 4, 2, 4, 2, 2, 4, 2, 1, 3, 2, 4, 0, 1, 3, 1, 3, 3, 1, 3, 4, 2, 3, 1, 2, 0, 16.9, 18.2, 25.9, 30.2, 44.5, 92.4, 104.5, 198.4, 460.2, 635.4, 2090.6, 4264.9, 14316.6, 10, 10, 12, 12, 14, 17, 17, 25, 33, 36, 41, 41, 48, -4, 47, 52, 42;
-1, 65, 4, 3, 72, 78, 112, 18, 80, 17, 30, 5, 16, 9, 9, 2, 3, 3, 3, 4, 3, 4, 1, 3, 1, 4, 3, 3, 0, 2, 2, 1, 2, 1, 4, 2, 4, 1, 2, 2, 1, 0, 14.4, 15.9, 22.8, 28.5, 37.6, 53.3, 105.3, 206.7, 496.7, 527.3, 1812.6, 4627.4, 11596.8, 10, 11, 13, 15, 16, 18, 27, 30, 35, 41, 50, 54, 65, -10, 75, 49, 44;
-1, 51, 4, 4, 72, 62, 24, 6, 32, 8, 18, 3, 4, 14, 12, 1, 4, 3, 2, 2, 1, 4, 1, 3, 1, 2, 2, 4, 0, 2, 3, 3, 4, 1, 4, 2, 4, 3, 3, 1, 4, 0, 14.2, 17.6, 24.1, 35.9, 56.2, 73.8, 152.9, 219.0, 469.0, 607.1, 1443.7, 2323.5, 36286.2, 10, 10, 10, 11, 13, 15, 22, 22, 33, 34, 37, 41, 51, -21, 44, 53, 72;
1, 57, 4, 1, 72, 48, 60, 60, 6, 16, 18, 36, 24, 12, 3, 1, 1, 3, 3, 2, 2, 3, 4, 2, 4, 4, 2, 3, 0, 2, 2, 3, 3, 2, 1, 3, 1, 1, 3, 2, 1, 0, 15.9, 18.6, 23.7, 36.8, 56.6, 74.2, 79.0, 211.5, 393.3, 925.8, 3359.3, 5741.6, 12794.1, 10, 10, 10, 11, 14, 15, 17, 19, 23, 33, 39, 41, 57, 9, 40, 48, 39;
1, 58, 4, 2, 48, 63, 42, 72, 4, 19, 48, 32, 10, 20, 2, 1, 2, 2, 3, 3, 4, 4, 1, 4, 4, 1, 4, 1, 0, 3, 2, 2, 1, 1, 4, 1, 1, 4, 1, 4, 1, 0, 16.0, 17.5, 22.3, 43.0, 63.6, 79.9, 192.4, 247.9, 395.5, 988.6, 1599.2, 14856.9, 17749.3, 10, 11, 12, 14, 20, 20, 33, 36, 38, 48, 53, 58, 58, 2, 42, 42, 56;
-1, 53, 4, 1, 72, 54, 46, 18, 9, 48, 30, 16, 8, 3, 16, 1, 1, 3, 3, 2, 3, 3, 4, 3, 2, 4, 1, 4, 0, 2, 2, 3, 2, 2, 1, 2, 3, 1, 4, 1, 2, 0, 14.8, 18.6, 23.3, 41.1, 44.5, 81.0, 115.1, 183.7, 430.7, 581.0, 2105.3, 2543.6, 19375.2, 10, 10, 12, 13, 14, 15, 15, 24, 29, 31, 39, 39, 53, -1, 52, 54, 54;
-1, 39, 4, 1, 48, 64, 20, 63, 60, 42, 9, 18, 4, 2, 24, 1, 1, 2, 4, 2, 3, 3, 3, 3, 2, 2, 1, 4, 0, 3, 1, 3, 2, 2, 2, 2, 3, 3, 4, 1, 4, 0, 14.4, 15.7, 17.6, 30.4, 47.5, 54.7, 85.0, 213.4, 391.0, 645.4, 1966.5, 3028.3, 34690.0, 10, 10, 10, 11, 11, 1, 7, 8, 11, 16, 19, 21, 39, -13, 43, 52, 49;
-1, 50, 4, 3, 72, 26, 40, 33, 80, 3, 44, 16, 8, 9, 6, 1, 3, 3, 1, 4, 3, 4, 1, 4, 4, 2, 3, 3, 0, 2, 4, 1, 2, 1, 4, 1, 1, 3, 2, 2, 2, 0, 15.0, 16.0, 28.1, 27.6, 59.9, 87.6, 161.3, 250.0, 515.4, 1119.9, 2158.6, 5020.0, 14966.0, 10, 11, 12, 12, 14, 6, 8, 9, 13, 20, 31, 37, 50, -1, 37, 51, 48;
1, 67, 4, 2, 72, 84, 57, 80, 51, 26, 27, 40, 20, 6, 4, 2, 2, 3, 4, 3, 4, 3, 2, 3, 4, 4, 2, 4, 0, 2, 1, 2, 1, 2, 3, 2, 1, 1, 3, 1, 4, 0, 16.7, 16.6, 19.0, 36.0, 49.9, 96.7, 201.9, 273.7, 385.5, 864.2, 2197.6, 4917.8, 38146.7, 10, 11, 12, 15, 15, 18, 20, 28, 37, 41, 54, 59, 67, 24, 31, 43, 38;
1, 65, 4, 1, 96, 16, 88, 57, 14, 64, 20, 40, 14, 12, 6, 2, 1, 4, 1, 4, 3, 1, 4, 2, 4, 2, 4, 3, 0, 1, 4, 1, 2, 4, 1, 3, 1, 3, 1, 2, 1, 0, 17.0, 18.2, 25.0, 26.9, 44.6, 91.7, 103.3, 231.4, 317.2, 615.2, 977.8, 7178.8, 15306.4, 10, 11, 13, 14, 16, 18, 20, 31, 35, 38, 47, 58, 65, 11, 44, 54, 50;
1, 98, 4, 2, 48, 44, 96, 136, 54, 34, 28, 32, 40, 15, 6, 1, 2, 2, 2, 3, 4, 3, 2, 2, 4, 4, 3, 3, 0, 3, 3, 2, 1, 2, 3, 3, 1, 1, 2, 2, 2, 0, 15.1, 18.7, 25.4, 32.7, 42.9, 73.9, 178.1, 268.1, 377.2, 739.6, 1953.0, 4757.6, 16421.8, 10, 10, 11, 13, 13, 17, 21, 28, 32, 34, 35, 65, 98, 36, 45, 53, 62;
-1, 50, 4, 2, 72, 54, 168, 4, 4, 44, 4, 15, 16, 30, 16, 8, 2, 3, 2, 4, 1, 4, 2, 4, 3, 4, 2, 4, 0, 2, 3, 1, 4, 1, 3, 1, 2, 1, 3, 1, 4, 0, 15.4, 15.9, 26.5, 35.9, 72.8, 74.5, 166.5, 167.1, 425.8, 521.6, 2072.8, 4058.5, 39319.9, 10, 10, 11, 11, 14, 14, 15, 15, 17, 19, 32, 32, 50, -2, 41, 52, 45;
1, 67, 4, 1, 96, 72, 56, 50, 72, 44, 22, 33, 16, 9, 8, 1, 1, 4, 4, 2, 2, 4, 4, 2, 3, 2, 3, 4, 0, 1, 1, 3, 3, 1, 1, 3, 2, 3, 2, 1, 3, 0, 16.4, 21.6, 25.2, 35.6, 50.4, 50.3, 107.5, 252.7, 343.2, 979.9, 1968.6, 3468.9, 21576.0, 10, 10, 10, 13, 16, 16, 21, 30, 32, 39, 41, 45, 67, 7, 50, 60, 53;
-1, 38, 4, 4, 24, 84, 72, 42, 96, 128, 76, 22, 27, 4, 12, 1, 4, 1, 4, 3, 2, 4, 4, 4, 2, 3, 4, 3, 0, 4, 1, 2, 3, 1, 1, 1, 3, 2, 1, 2, 3, 0, 14.6, 18.0, 22.8, 35.4, 63.2, 79.9, 138.8, 242.2, 528.7, 974.6, 1333.9, 6019.2, 25591.8, 10, 11, 11, 12, 13, 13, 13, 18, 29, 31, 31, 36, 38, -15, 36, 53, 53;
1, 73, 4, 4, 96, 81, 44, 128, 57, 13, 24, 12, 24, 8, 12, 2, 4, 4, 3, 2, 4, 3, 1, 4, 2, 4, 2, 3, 0, 1, 2, 3, 1, 2, 4, 1, 3, 1, 3, 2, 2, 0, 13.9, 14.9, 19.7, 40.2, 40.6, 80.2, 182.7, 202.2, 592.8, 751.4, 2121.0, 6515.1, 17200.3, 10, 10, 11, 14, 14, 17, 28, 30, 40, 42, 49, 64, 73, 12, 45, 61, 42;
1, 76, 4, 2, 72, 32, 57, 92, 36, 36, 44, 8, 12, 18, 6, 1, 2, 3, 2, 3, 4, 2, 2, 4, 1, 3, 3, 3, 0, 2, 3, 2, 1, 3, 3, 1, 4, 2, 2, 2, 4, 0, 15.2, 16.0, 25.4, 37.1, 42.3, 105.4, 108.4, 137.8, 786.6, 1021.6, 2264.4, 6880.9, 43420.9, 10, 10, 11, 14, 19, 22, 29, 32, 42, 42, 50, 55, 76, 10, 49, 66, 47;
1, 62, 4, 4, 72, 58, 32, 80, 96, 48, 32, 40, 16, 20, 9, 2, 4, 3, 2, 2, 4, 4, 3, 4, 4, 2, 4, 3, 0, 2, 3, 3, 1, 1, 2, 1, 1, 3, 1, 2, 3, 0, 17.2, 18.9, 28.6, 39.1, 52.4, 103.1, 179.5, 233.6, 438.7, 960.5, 950.4, 6430.2, 27432.9, 10, 11, 13, 13, 15, 17, 25, 27, 31, 38, 40, 54, 62, 12, 36, 50, 48;
1, 73, 4, 3, 72, 42, 48, 32, 16, 40, 40, 24, 10, 16, 8, 2, 3, 3, 2, 3, 2, 1, 4, 4, 4, 2, 4, 4, 0, 2, 3, 2, 3, 4, 1, 1, 1, 3, 1, 1, 4, 0, 15.1, 17.7, 28.2, 33.5, 61.0, 84.8, 96.9, 155.3, 345.9, 1269.9, 1872.1, 3751.3, 43164.5, 10, 11, 12, 12, 14, 19, 21, 35, 38, 48, 56, 56, 73, 9, 64, 56, 55;
-1, 40, 4, 2, 96, 27, 10, 56, 9, 10, 32, 24, 6, 8, 12, 2, 2, 4, 1, 1, 4, 1, 1, 4, 4, 3, 4, 3, 0, 1, 4, 4, 1, 4, 4, 1, 1, 2, 1, 2, 4, 0, 16.0, 17.2, 26.7, 42.2, 43.4, 102.9, 195.9, 188.5, 377.0, 1202.0, 1494.1, 6659.4, 39831.6, 10, 10, 13, 15, 15, 16, 18, 20, 21, 26, 28, 30, 40, -38, 78, 48, 45;
1, 60, 4, 2, 72, 84, 10, 8, 18, 64, 40, 18, 24, 2, 2, 1, 2, 3, 4, 1, 4, 2, 4, 4, 3, 4, 2, 1, 0, 2, 1, 4, 1, 3, 1, 1, 2, 1, 3, 4, 3, 0, 16.2, 15.5, 19.0, 51.7, 49.9, 108.8, 148.7, 213.8, 589.7, 807.9, 2624.7, 10770.9, 23494.5, 10, 10, 11, 13, 13, 16, 16, 16, 30, 36, 37, 42, 60, 1, 59, 38, 52;
1, 68, 4, 2, 96, 36, 15, 40, 20, 60, 30, 21, 21, 15, 2, 2, 2, 4, 2, 1, 4, 1, 3, 2, 3, 3, 3, 2, 0, 1, 3, 4, 1, 4, 2, 3, 2, 2, 2, 3, 4, 0, 16.1, 18.1, 26.6, 40.3, 40.9, 69.4, 128.8, 183.8, 369.4, 568.7, 1529.0, 6702.2, 38698.3, 10, 10, 12, 18, 18, 21, 21, 25, 32, 38, 46, 56, 68, 16, 51, 52, 46;
1, 68, 4, 2, 96, 16, 60, 60, 44, 24, 56, 30, 21, 32, 9, 1, 2, 4, 1, 3, 3, 2, 2, 4, 3, 3, 4, 3, 0, 1, 4, 2, 2, 3, 3, 1, 2, 2, 1, 2, 2, 0, 14.7, 18.1, 23.7, 32.7, 45.7, 79.3, 137.5, 206.7, 579.0, 1040.0, 2128.1, 6676.6, 21071.2, 10, 10, 11, 13, 16, 22, 26, 26, 29, 32, 42, 48, 68, 10, 41, 58, 37;
