#======================================================================================
# Kingdomino AI Experiment
#--------------------------------------------------------------------------------------
# 
# Player strategy:   MCE_TR_R
# Opponent strategy: FULL_GREEDY
# 
# Max search time: 2 (s)
# Max playouts: 0
# Runs: 200
# 
# System: Linux 3.20GHz
# Output file: kdom_exp-20170403-000741-rev-44154d3-cpu-3.20GHz/kdom_exp_MCE_TR_R_vs_FULL_GREEDY_T2_P0.m
# 
# Executing: 'java -jar out/kdom-exp.jar MCE_TR_R FULL_GREEDY kdom_exp-20170403-000741-rev-44154d3-cpu-3.20GHz/kdom_exp_MCE_TR_R_vs_FULL_GREEDY_T2_P0.m 2 0'
# Git Revision: 44154d3
#--------------------------------------------------------------------------------------

# win, score, num_players, available_moves(13), available_draft(13), chosen_draft_position(13), playouts_per_second(13), scores(13), score_diff, opponent_scores(3)
kdom_exp_MCE_TR_R_vs_FULL_GREEDY_T2_P0 = [
1, 60, 4, 1, 96, 18, 24, 12, 56, 32, 1, 20, 10, 2, 8, 1, 1, 4, 1, 2, 1, 4, 4, 1, 4, 2, 1, 4, 0, 1, 4, 3, 4, 1, 1, 4, 1, 3, 4, 1, 4, 0, 3199.7, 4422.4, 5286.3, 5878.8, 6606.0, 6598.8, 7866.7, 9560.9, 10111.6, 13489.6, 18188.9, 19983.0, 40659.8, 10, 10, 13, 14, 19, 19, 19, 19, 24, 32, 44, 44, 60, 14, 46, 40, 46;
1, 65, 4, 1, 96, 18, 48, 36, 64, 28, 30, 14, 32, 16, 2, 2, 1, 4, 1, 4, 2, 4, 2, 3, 2, 4, 4, 1, 0, 1, 4, 1, 3, 1, 3, 2, 3, 1, 1, 4, 3, 0, 3413.2, 4302.9, 5030.2, 5289.1, 6078.3, 6231.6, 8000.6, 8640.1, 11109.4, 12585.8, 16003.5, 26570.5, 35117.5, 10, 10, 13, 13, 16, 16, 19, 24, 30, 34, 47, 51, 65, 21, 42, 44, 33;
-1, 46, 4, 1, 72, 63, 42, 40, 13, 15, 2, 12, 3, 6, 2, 1, 1, 3, 3, 2, 4, 1, 3, 1, 3, 1, 3, 2, 0, 2, 2, 3, 1, 4, 2, 4, 2, 4, 2, 3, 1, 0, 3306.8, 4640.4, 4966.0, 5526.2, 5996.6, 7119.3, 7732.3, 9506.2, 10670.6, 14668.8, 16248.5, 22636.9, 25509.2, 10, 10, 11, 16, 16, 18, 19, 22, 28, 37, 41, 46, 46, -38, 84, 61, 48;
1, 74, 4, 2, 48, 54, 18, 64, 56, 11, 14, 16, 15, 9, 6, 1, 2, 2, 3, 1, 4, 4, 1, 2, 2, 3, 3, 3, 0, 3, 2, 4, 1, 1, 4, 3, 3, 2, 2, 2, 4, 0, 3371.7, 4935.8, 5058.3, 5728.7, 5967.2, 6992.4, 8688.2, 9728.2, 11141.8, 13621.7, 17639.2, 24424.9, 39405.1, 10, 11, 11, 13, 15, 21, 29, 29, 39, 51, 58, 64, 74, 17, 41, 45, 57;
1, 55, 4, 1, 96, 48, 30, 56, 13, 36, 27, 5, 8, 4, 6, 2, 1, 4, 3, 3, 4, 1, 3, 3, 1, 2, 2, 2, 0, 1, 2, 2, 1, 4, 2, 2, 4, 3, 3, 3, 4, 0, 3435.9, 4523.4, 5085.0, 5604.0, 5811.4, 7074.1, 7483.3, 8677.7, 11428.5, 13559.9, 17854.8, 23142.3, 40833.9, 10, 10, 11, 11, 13, 17, 17, 22, 27, 32, 35, 46, 55, 7, 48, 38, 47;
1, 62, 4, 3, 72, 36, 80, 20, 8, 56, 6, 24, 3, 8, 12, 1, 3, 3, 2, 4, 2, 1, 4, 1, 4, 1, 2, 4, 0, 2, 3, 1, 3, 4, 1, 4, 1, 4, 3, 1, 2, 0, 3345.7, 4667.4, 5157.0, 5453.3, 6407.0, 7220.8, 7747.2, 9802.8, 10327.0, 14136.3, 16425.1, 18492.5, 28423.5, 10, 11, 12, 12, 13, 15, 15, 23, 24, 33, 40, 46, 62, 11, 42, 51, 30;
-1, 53, 4, 3, 72, 54, 24, 8, 32, 42, 30, 32, 30, 6, 12, 2, 3, 3, 2, 2, 2, 4, 3, 3, 4, 3, 2, 3, 0, 2, 3, 3, 3, 1, 2, 2, 1, 2, 3, 2, 4, 0, 3323.2, 4677.4, 5269.2, 5775.7, 6250.2, 6624.3, 7824.2, 9077.5, 10432.7, 13153.1, 17802.4, 21302.3, 36612.1, 10, 11, 4, 5, 6, 9, 15, 20, 29, 37, 42, 46, 53, -6, 44, 49, 59;
1, 48, 4, 4, 24, 54, 16, 28, 10, 39, 12, 12, 6, 20, 1, 1, 4, 1, 3, 1, 2, 1, 3, 1, 3, 2, 4, 1, 0, 4, 2, 4, 3, 4, 2, 4, 2, 3, 1, 4, 4, 0, 3120.1, 4935.8, 5112.8, 5733.4, 6236.3, 7137.4, 7441.8, 9586.1, 10603.0, 13444.4, 15610.7, 25031.7, 35524.4, 10, 12, 12, 14, 18, 24, 24, 30, 30, 34, 36, 48, 48, 1, 38, 43, 47;
-1, 44, 4, 4, 48, 18, 80, 24, 36, 20, 20, 6, 24, 2, 4, 2, 4, 2, 1, 4, 2, 3, 4, 2, 2, 4, 1, 4, 0, 3, 4, 1, 3, 2, 1, 3, 3, 1, 4, 1, 3, 0, 3360.2, 4802.9, 5341.1, 5513.4, 6310.8, 6973.0, 7787.0, 9586.5, 11355.4, 12357.1, 19107.1, 20433.8, 33867.6, 10, 11, 12, 12, 14, 15, 20, 23, 27, 29, 35, 37, 44, -15, 53, 59, 47;
1, 75, 4, 4, 24, 72, 20, 72, 56, 28, 21, 21, 24, 10, 6, 1, 4, 1, 4, 1, 4, 4, 2, 3, 3, 4, 2, 3, 0, 4, 1, 4, 1, 1, 3, 2, 2, 1, 3, 2, 2, 0, 3400.9, 4851.3, 4944.8, 5695.5, 6028.0, 6590.1, 8298.0, 9264.0, 10454.6, 12201.5, 16941.4, 21252.1, 27171.9, 10, 12, 12, 13, 13, 16, 22, 23, 31, 37, 49, 63, 75, 22, 50, 53, 45;
1, 77, 4, 2, 48, 66, 36, 42, 8, 6, 18, 12, 6, 8, 6, 1, 2, 2, 3, 2, 3, 1, 3, 3, 2, 2, 4, 3, 0, 3, 2, 3, 2, 4, 2, 2, 3, 3, 1, 2, 2, 0, 3603.0, 4800.2, 5117.3, 5688.5, 5987.6, 6874.6, 7671.8, 8761.2, 11766.6, 14438.9, 15793.5, 21728.7, 30906.2, 10, 11, 12, 13, 14, 20, 24, 33, 42, 43, 47, 58, 77, 14, 63, 42, 60;
1, 55, 4, 4, 48, 54, 72, 6, 14, 8, 22, 6, 16, 2, 6, 2, 4, 2, 3, 3, 1, 1, 4, 2, 1, 4, 2, 2, 0, 3, 2, 2, 4, 4, 1, 3, 4, 1, 3, 3, 4, 0, 3328.7, 4864.3, 5188.1, 5670.4, 6413.3, 7539.2, 7881.2, 9752.9, 11954.6, 12267.9, 17403.0, 22728.3, 37334.6, 10, 12, 12, 12, 15, 16, 18, 24, 33, 33, 41, 42, 55, 6, 41, 33, 49;
-1, 56, 4, 2, 72, 72, 16, 6, 32, 6, 24, 6, 3, 2, 3, 3, 2, 3, 4, 1, 1, 4, 1, 4, 2, 1, 1, 3, 0, 2, 1, 4, 4, 1, 4, 1, 3, 4, 4, 2, 4, 0, 3558.8, 4437.7, 4690.7, 5844.8, 6425.9, 6491.0, 8410.4, 8790.3, 11591.8, 14852.4, 19057.0, 21140.8, 36815.9, 10, 11, 11, 14, 15, 17, 24, 24, 35, 49, 52, 52, 56, -4, 60, 60, 44;
1, 74, 4, 2, 96, 18, 80, 36, 24, 7, 24, 15, 32, 8, 16, 1, 2, 4, 1, 4, 3, 3, 1, 4, 3, 4, 2, 4, 0, 1, 4, 1, 2, 2, 4, 1, 2, 1, 3, 1, 4, 0, 3535.2, 4677.1, 5358.3, 5451.1, 6308.2, 7274.4, 8707.6, 9235.4, 11330.6, 12987.5, 18065.5, 21149.5, 39257.1, 10, 11, 13, 14, 15, 20, 22, 30, 40, 48, 56, 64, 74, 6, 68, 37, 50;
-1, 51, 4, 3, 48, 54, 16, 54, 18, 40, 11, 24, 12, 6, 1, 2, 3, 2, 3, 1, 3, 1, 4, 1, 3, 3, 2, 1, 0, 3, 2, 4, 2, 4, 1, 4, 2, 2, 3, 4, 1, 0, 3139.5, 4730.5, 5011.4, 5769.9, 6059.4, 7246.9, 7784.0, 9854.8, 11105.4, 13264.0, 18295.2, 28652.2, 30265.4, 10, 11, 12, 15, 15, 22, 22, 25, 33, 40, 51, 51, 51, -3, 45, 51, 54;
-1, 39, 4, 1, 96, 54, 16, 68, 10, 22, 21, 12, 18, 6, 8, 1, 1, 4, 3, 1, 4, 1, 2, 3, 2, 3, 2, 4, 0, 1, 2, 4, 1, 4, 3, 2, 3, 2, 3, 1, 4, 0, 3021.0, 4594.2, 4990.8, 5794.2, 6015.8, 7290.0, 8367.5, 9733.6, 11377.4, 13252.7, 18176.6, 20981.6, 37546.2, 10, 10, 11, 13, 13, 16, 17, 19, 23, 27, 31, 33, 39, -20, 41, 39, 59;
0, 58, 4, 3, 24, 72, 24, 48, 10, 28, 32, 16, 15, 16, 8, 2, 3, 1, 4, 1, 3, 1, 2, 4, 2, 3, 4, 4, 0, 4, 1, 4, 2, 4, 3, 1, 3, 2, 1, 1, 2, 0, 3315.5, 4751.3, 4790.1, 5755.8, 6154.6, 7253.3, 8304.4, 8994.1, 11351.2, 13442.9, 15733.6, 20781.4, 29102.8, 10, 11, 11, 12, 12, 15, 19, 23, 26, 34, 38, 47, 58, 0, 51, 45, 58;
-1, 51, 4, 4, 24, 72, 72, 66, 42, 11, 18, 3, 6, 4, 24, 2, 4, 1, 4, 3, 3, 3, 1, 3, 1, 3, 4, 4, 0, 4, 1, 2, 2, 2, 4, 2, 4, 2, 1, 1, 3, 0, 3338.0, 4989.1, 4971.8, 5703.4, 6371.1, 7077.4, 8976.7, 9674.9, 12226.3, 13652.6, 16070.0, 20265.7, 30852.4, 10, 13, 13, 16, 21, 25, 26, 27, 34, 36, 36, 40, 51, -10, 61, 47, 52;
-1, 58, 4, 2, 72, 72, 48, 20, 24, 8, 24, 9, 1, 3, 8, 1, 2, 3, 4, 2, 1, 4, 1, 4, 3, 1, 3, 2, 0, 2, 1, 3, 4, 1, 4, 1, 2, 4, 2, 3, 4, 0, 3319.7, 4627.9, 4836.7, 5460.8, 6343.7, 6652.6, 8177.0, 8342.5, 10426.1, 14339.1, 16208.6, 24116.1, 37904.6, 10, 11, 11, 17, 23, 23, 32, 34, 42, 50, 50, 53, 58, -13, 47, 33, 71;
1, 73, 4, 4, 24, 54, 32, 17, 56, 36, 8, 6, 4, 8, 16, 1, 4, 1, 3, 2, 1, 4, 3, 1, 2, 1, 2, 4, 0, 4, 2, 3, 4, 1, 2, 4, 3, 4, 3, 1, 1, 0, 3379.6, 4916.0, 5091.1, 5367.3, 6363.3, 6673.7, 7793.1, 9890.8, 11466.6, 15064.0, 17480.0, 20393.4, 30077.3, 10, 12, 12, 13, 19, 21, 22, 29, 30, 35, 50, 54, 73, 12, 41, 61, 28;
1, 69, 4, 2, 72, 58, 32, 21, 54, 20, 24, 10, 24, 3, 9, 1, 2, 3, 2, 2, 1, 3, 2, 3, 2, 4, 1, 3, 0, 2, 3, 3, 4, 2, 3, 2, 3, 1, 4, 2, 3, 0, 3520.6, 4737.4, 5242.1, 5533.5, 6447.6, 7118.5, 8176.7, 9269.3, 11317.0, 12482.1, 18589.9, 22323.1, 34737.0, 10, 11, 14, 14, 15, 17, 22, 25, 34, 48, 56, 59, 69, 12, 44, 57, 48;
-1, 45, 4, 2, 48, 104, 21, 56, 14, 64, 18, 18, 2, 8, 2, 1, 2, 2, 4, 1, 4, 1, 4, 3, 3, 1, 4, 1, 0, 3, 1, 4, 1, 4, 1, 2, 2, 4, 1, 4, 1, 0, 3079.2, 4618.4, 4743.3, 5585.7, 5849.7, 6936.2, 7178.0, 8938.6, 10441.6, 13899.4, 14968.3, 24342.6, 26233.6, 10, 11, 11, 12, 14, 18, 20, 25, 30, 35, 35, 45, 45, -22, 28, 41, 67;
