#======================================================================================
# Kingdomino AI Experiment
#--------------------------------------------------------------------------------------
# 
# Player strategy:   MCE_TR_R
# Opponent strategy: FULL_GREEDY
# 
# Max search time: 1 (s)
# Max playouts: 0
# Runs: 200
# 
# System: Linux 3.20GHz
# Output file: kdom_exp-20170403-000741-rev-44154d3-cpu-3.20GHz/kdom_exp_MCE_TR_R_vs_FULL_GREEDY_T1_P0.m
# 
# Executing: 'java -jar out/kdom-exp.jar MCE_TR_R FULL_GREEDY kdom_exp-20170403-000741-rev-44154d3-cpu-3.20GHz/kdom_exp_MCE_TR_R_vs_FULL_GREEDY_T1_P0.m 1 0'
# Git Revision: 44154d3
#--------------------------------------------------------------------------------------

# win, score, num_players, available_moves(13), available_draft(13), chosen_draft_position(13), playouts_per_second(13), scores(13), score_diff, opponent_scores(3)
kdom_exp_MCE_TR_R_vs_FULL_GREEDY_T1_P0 = [
-1, 54, 4, 4, 24, 72, 72, 40, 12, 24, 3, 21, 2, 18, 2, 1, 4, 1, 4, 3, 2, 2, 3, 1, 3, 1, 3, 1, 0, 4, 1, 2, 3, 3, 2, 4, 2, 4, 2, 4, 2, 0, 2337.9, 4550.1, 4981.2, 5657.4, 6415.4, 7063.0, 8092.1, 10083.1, 11266.2, 15640.6, 17194.8, 26704.7, 31409.8, 10, 13, 13, 16, 21, 22, 29, 38, 40, 50, 52, 54, 54, -6, 60, 49, 44;
-1, 48, 4, 1, 48, 112, 18, 72, 15, 48, 10, 24, 18, 3, 4, 2, 1, 2, 4, 1, 4, 1, 4, 1, 4, 3, 1, 4, 0, 3, 1, 4, 1, 4, 1, 4, 1, 2, 4, 1, 1, 0, 2328.2, 4239.3, 4777.8, 5417.4, 5590.9, 6806.6, 7198.0, 9233.7, 9803.3, 12367.9, 17849.2, 20006.9, 26001.9, 10, 11, 13, 15, 15, 19, 19, 21, 23, 27, 33, 39, 48, -10, 45, 48, 58;
1, 51, 4, 1, 96, 22, 96, 6, 24, 44, 2, 32, 24, 3, 6, 2, 1, 4, 1, 4, 1, 3, 4, 1, 4, 4, 1, 3, 0, 1, 4, 1, 4, 2, 1, 4, 1, 1, 4, 2, 3, 0, 2655.9, 4107.9, 5145.1, 5068.3, 6191.9, 6166.6, 7232.6, 9260.6, 9698.7, 11715.4, 19037.2, 20547.6, 33753.0, 10, 10, 13, 13, 14, 14, 18, 25, 27, 33, 38, 38, 51, 5, 36, 40, 46;
1, 63, 4, 4, 48, 72, 48, 14, 18, 18, 32, 2, 16, 8, 9, 2, 4, 2, 4, 3, 1, 2, 3, 4, 1, 4, 2, 3, 0, 3, 1, 2, 4, 3, 2, 1, 4, 1, 3, 2, 1, 0, 2668.7, 4556.4, 4901.7, 5475.7, 6238.8, 7224.0, 7617.3, 8803.6, 11300.3, 12002.2, 17051.5, 20926.6, 26992.8, 10, 11, 11, 12, 15, 23, 23, 29, 32, 38, 44, 46, 63, 9, 41, 41, 54;
-1, 47, 4, 3, 96, 36, 32, 24, 8, 48, 11, 4, 6, 4, 4, 6, 3, 4, 2, 2, 4, 1, 4, 1, 4, 1, 4, 2, 0, 1, 3, 3, 1, 4, 1, 4, 1, 4, 1, 3, 2, 0, 3088.9, 4168.7, 5458.2, 6037.7, 6354.9, 7390.2, 7741.9, 10227.8, 10153.5, 14233.2, 15536.5, 22686.9, 30260.1, 10, 10, 12, 13, 13, 18, 18, 24, 24, 36, 36, 41, 47, -1, 42, 48, 36;
-1, 70, 4, 3, 24, 29, 112, 42, 25, 42, 48, 9, 12, 9, 4, 2, 3, 1, 1, 4, 2, 1, 3, 4, 1, 3, 3, 2, 0, 4, 4, 1, 3, 4, 2, 1, 4, 2, 2, 3, 1, 0, 3065.2, 4254.9, 5116.4, 5343.5, 6239.7, 7265.2, 7631.9, 8778.0, 11599.6, 12771.7, 16311.0, 23315.0, 28333.5, 10, 11, 14, 16, 17, 24, 25, 32, 36, 36, 44, 57, 70, -4, 74, 45, 44;
1, 59, 4, 3, 72, 104, 48, 64, 26, 24, 27, 14, 12, 4, 4, 2, 3, 3, 4, 2, 4, 2, 4, 3, 2, 3, 1, 4, 0, 2, 1, 3, 1, 3, 1, 2, 3, 2, 4, 1, 4, 0, 2989.5, 4489.7, 5071.6, 5567.0, 5618.2, 6867.6, 7539.7, 8862.3, 10982.8, 12465.4, 16990.3, 18306.5, 33135.8, 10, 11, 13, 14, 16, 21, 23, 32, 41, 49, 55, 55, 59, 7, 52, 47, 45;
-1, 64, 4, 4, 48, 112, 17, 24, 21, 24, 7, 16, 8, 1, 8, 1, 4, 2, 4, 1, 4, 3, 3, 1, 4, 2, 1, 4, 0, 3, 1, 4, 1, 2, 2, 4, 1, 3, 4, 1, 3, 0, 2277.6, 4360.5, 4857.2, 5822.9, 6036.3, 6899.4, 7858.3, 9527.9, 10260.1, 13509.8, 17942.9, 19674.5, 33432.5, 10, 11, 13, 16, 16, 21, 25, 32, 32, 41, 45, 48, 64, -3, 49, 67, 53;
-1, 71, 4, 3, 48, 36, 32, 24, 11, 36, 21, 5, 40, 4, 8, 1, 3, 2, 2, 2, 2, 1, 3, 3, 1, 4, 2, 4, 0, 3, 3, 3, 3, 4, 2, 2, 4, 1, 3, 1, 2, 0, 2663.4, 4453.6, 5043.4, 5656.5, 6081.5, 6780.1, 7533.6, 8824.0, 11807.5, 12574.6, 16621.5, 18417.2, 29440.8, 10, 11, 13, 14, 16, 23, 27, 34, 38, 42, 51, 55, 71, -23, 94, 60, 43;
-1, 58, 4, 4, 24, 72, 16, 96, 11, 96, 5, 12, 3, 20, 2, 1, 4, 1, 4, 1, 4, 1, 4, 1, 4, 3, 2, 2, 0, 4, 1, 4, 1, 4, 1, 4, 1, 2, 3, 3, 1, 0, 2148.9, 4808.2, 4944.9, 5802.9, 5832.3, 7037.3, 7574.1, 9554.7, 10206.0, 12630.4, 16616.9, 23556.4, 27058.1, 10, 13, 13, 20, 20, 28, 28, 42, 42, 42, 47, 58, 58, -7, 65, 44, 65;
1, 71, 4, 3, 24, 108, 48, 12, 24, 9, 16, 5, 32, 4, 2, 1, 3, 1, 4, 3, 1, 3, 1, 2, 1, 4, 1, 1, 0, 4, 1, 2, 4, 2, 4, 3, 4, 1, 4, 4, 1, 0, 2362.5, 4513.0, 5047.5, 5540.9, 6779.5, 7111.2, 8346.8, 9499.3, 11734.8, 12860.0, 19242.5, 27178.3, 28620.2, 10, 11, 11, 12, 13, 13, 23, 31, 40, 44, 53, 71, 71, 20, 51, 37, 44;
-1, 57, 4, 1, 96, 32, 14, 30, 12, 8, 14, 15, 18, 2, 6, 2, 1, 4, 2, 1, 3, 2, 4, 2, 3, 3, 1, 3, 0, 1, 3, 4, 2, 3, 1, 3, 2, 2, 4, 2, 1, 0, 2606.5, 3904.5, 5064.0, 5712.6, 6126.8, 7044.9, 7651.5, 9177.4, 10279.5, 12586.3, 19390.1, 22312.5, 30621.4, 10, 10, 11, 14, 15, 18, 20, 30, 33, 37, 44, 44, 57, -9, 63, 66, 48;
1, 63, 4, 3, 72, 54, 21, 96, 17, 18, 9, 16, 6, 2, 24, 1, 3, 3, 3, 1, 4, 1, 3, 1, 4, 2, 1, 4, 0, 2, 2, 4, 1, 4, 2, 4, 1, 3, 4, 1, 4, 0, 2753.6, 4334.8, 5376.9, 5828.7, 5982.8, 7719.4, 7651.2, 9692.7, 9687.6, 13670.6, 18959.0, 21101.4, 37554.5, 10, 12, 12, 18, 22, 30, 30, 33, 43, 45, 52, 54, 63, 3, 37, 46, 60;
1, 62, 4, 4, 48, 36, 60, 42, 4, 30, 5, 36, 2, 15, 16, 2, 4, 2, 2, 3, 3, 1, 3, 1, 3, 1, 3, 4, 0, 3, 3, 2, 2, 4, 2, 4, 2, 4, 2, 1, 4, 0, 3000.4, 4664.7, 5280.0, 5678.1, 6064.9, 7672.3, 8038.0, 9898.9, 10986.2, 15018.6, 17361.3, 21438.8, 37686.2, 10, 11, 12, 12, 12, 17, 20, 22, 24, 33, 41, 45, 62, 4, 56, 58, 54;
-1, 51, 4, 2, 72, 58, 24, 64, 30, 30, 12, 24, 2, 24, 4, 1, 2, 3, 2, 2, 4, 3, 3, 2, 4, 1, 4, 2, 0, 2, 3, 3, 1, 2, 2, 3, 1, 4, 1, 3, 1, 0, 2963.8, 4380.0, 5271.6, 5781.3, 6122.8, 7075.1, 8461.7, 9789.5, 10743.7, 14208.6, 15717.3, 24229.8, 29010.6, 10, 10, 11, 12, 14, 17, 22, 29, 35, 42, 49, 51, 51, -4, 52, 45, 55;
1, 68, 4, 2, 72, 44, 24, 24, 24, 18, 24, 32, 15, 10, 4, 2, 2, 3, 2, 2, 2, 3, 3, 4, 4, 3, 2, 2, 0, 2, 3, 3, 3, 2, 2, 1, 1, 2, 3, 3, 4, 0, 2627.7, 4309.8, 5402.9, 6075.9, 6695.1, 7203.5, 7623.1, 8459.5, 9934.3, 12736.2, 17611.4, 23663.7, 38870.9, 10, 11, 12, 13, 15, 17, 19, 24, 30, 41, 48, 51, 68, 19, 44, 49, 48;
-1, 51, 4, 1, 96, 54, 60, 40, 22, 24, 4, 16, 12, 6, 10, 1, 1, 4, 3, 3, 4, 2, 2, 1, 4, 3, 3, 2, 0, 1, 2, 2, 1, 3, 3, 4, 1, 2, 2, 3, 3, 0, 2832.5, 4062.5, 4891.1, 5395.3, 5991.8, 7126.5, 8023.1, 10084.9, 10403.2, 13525.3, 16438.7, 23459.9, 33011.9, 10, 10, 11, 11, 14, 17, 19, 22, 24, 28, 32, 33, 51, -2, 47, 43, 53;
1, 70, 4, 4, 24, 72, 32, 46, 96, 32, 16, 18, 4, 2, 15, 1, 4, 1, 4, 2, 2, 4, 2, 4, 2, 2, 2, 3, 0, 4, 1, 3, 3, 1, 3, 1, 3, 3, 3, 2, 2, 0, 2329.9, 4476.4, 5073.4, 5587.3, 6245.9, 6402.4, 7775.4, 8518.9, 10980.5, 13945.1, 16451.6, 21854.3, 30173.0, 10, 12, 12, 18, 18, 18, 20, 28, 34, 40, 42, 50, 70, 9, 46, 61, 60;
-1, 58, 4, 2, 72, 62, 72, 72, 11, 20, 24, 16, 24, 15, 2, 2, 2, 3, 2, 4, 4, 1, 2, 4, 2, 4, 3, 1, 0, 2, 3, 1, 1, 4, 3, 1, 3, 1, 2, 4, 1, 0, 2668.6, 4251.9, 4893.5, 5157.0, 5617.1, 7128.7, 7926.9, 8324.9, 10999.2, 12559.8, 16460.7, 25101.7, 28535.8, 10, 10, 13, 13, 16, 18, 19, 23, 30, 32, 39, 51, 58, -13, 56, 41, 71;
1, 54, 4, 3, 96, 66, 66, 42, 18, 8, 40, 7, 16, 12, 6, 1, 3, 4, 3, 3, 3, 3, 1, 4, 1, 4, 3, 3, 0, 1, 2, 2, 2, 2, 4, 1, 4, 1, 2, 2, 4, 0, 2457.6, 4302.9, 4962.3, 5515.8, 6179.9, 7171.6, 8446.2, 8644.4, 11772.2, 12150.5, 16388.2, 21622.8, 39865.9, 10, 11, 12, 13, 15, 15, 18, 21, 26, 30, 40, 46, 54, 1, 53, 39, 52;
1, 54, 4, 4, 24, 72, 16, 72, 15, 18, 48, 8, 24, 6, 8, 1, 4, 1, 4, 1, 4, 1, 2, 4, 1, 4, 1, 2, 0, 4, 1, 4, 1, 4, 3, 1, 4, 1, 4, 3, 3, 0, 2443.7, 4453.3, 4997.8, 5819.9, 6024.0, 7222.5, 8092.6, 8783.6, 11584.2, 12264.9, 17989.9, 22536.1, 29577.9, 10, 12, 12, 14, 14, 20, 22, 22, 29, 29, 37, 47, 54, 8, 29, 39, 46;
-1, 53, 4, 4, 24, 72, 54, 17, 64, 10, 24, 21, 2, 12, 8, 1, 4, 1, 4, 3, 1, 4, 1, 3, 3, 1, 4, 4, 0, 4, 1, 2, 4, 1, 4, 2, 2, 4, 1, 1, 3, 0, 2836.6, 4720.3, 5287.5, 5853.3, 6689.9, 6884.2, 8649.9, 9299.9, 10789.8, 15134.5, 16168.5, 22030.5, 35891.7, 10, 12, 12, 13, 19, 19, 26, 26, 28, 35, 39, 42, 53, -12, 65, 60, 58;
