#======================================================================================
# Kingdomino AI Experiment
#--------------------------------------------------------------------------------------
# 
# Player strategy:   MCE_FG_R
# Opponent strategy: FULL_GREEDY
# 
# Max search time: 0.1 (s)
# Max playouts: 0
# Runs: 200
# 
# System: Linux 3.20GHz
# Output file: kdom_exp-20170403-000741-rev-44154d3-cpu-3.20GHz/kdom_exp_MCE_FG_R_vs_FULL_GREEDY_T0.1_P0.m
# 
# Executing: 'java -jar out/kdom-exp.jar MCE_FG_R FULL_GREEDY kdom_exp-20170403-000741-rev-44154d3-cpu-3.20GHz/kdom_exp_MCE_FG_R_vs_FULL_GREEDY_T0.1_P0.m 0.1 0'
# Git Revision: 44154d3
#--------------------------------------------------------------------------------------

# win, score, num_players, available_moves(13), available_draft(13), chosen_draft_position(13), playouts_per_second(13), scores(13), score_diff, opponent_scores(3)
kdom_exp_MCE_FG_R_vs_FULL_GREEDY_T0_1_P0 = [
-1, 38, 4, 3, 48, 64, 51, 92, 20, 3, 128, 4, 3, 2, 2, 4, 3, 2, 4, 3, 4, 1, 3, 4, 1, 1, 2, 1, 0, 3, 1, 2, 1, 4, 2, 1, 4, 4, 3, 4, 1, 0, 5.1, 8.8, 10.9, 14.2, 33.1, 79.8, 103.6, 128.1, 425.9, 1114.7, 1662.0, 8534.7, 12018.8, 10, 11, 11, 12, 12, 16, 16, 18, 19, 26, 26, 37, 38, -25, 49, 54, 63;
-1, 34, 4, 3, 48, 66, 92, 28, 38, 13, 16, 12, 21, 15, 6, 1, 3, 2, 3, 4, 2, 2, 1, 4, 2, 3, 3, 2, 0, 3, 2, 1, 3, 3, 4, 1, 3, 2, 2, 3, 1, 0, 4.5, 10.0, 16.0, 23.7, 54.5, 74.8, 163.8, 243.0, 600.7, 765.9, 2483.1, 8168.7, 10529.2, 10, 11, 11, 11, 12, 13, 15, 15, 24, 27, 29, 34, 34, -39, 31, 73, 36;
-1, 36, 4, 1, 96, 54, 28, 24, 88, 26, 6, 32, 4, 4, 4, 3, 1, 4, 3, 1, 4, 4, 2, 1, 4, 2, 2, 4, 0, 1, 2, 4, 1, 1, 3, 4, 1, 3, 3, 1, 4, 0, 4.6, 11.7, 15.8, 15.8, 25.9, 35.5, 88.4, 196.8, 259.4, 804.2, 2494.6, 3017.7, 32604.5, 10, 10, 10, 11, 11, 11, 13, 14, 14, 28, 29, 29, 36, -34, 56, 45, 70;
-1, 40, 4, 1, 72, 64, 32, 39, 80, 39, 22, 20, 32, 4, 9, 1, 1, 3, 4, 4, 3, 4, 3, 2, 2, 4, 1, 3, 0, 2, 1, 1, 2, 1, 2, 3, 3, 1, 4, 2, 2, 0, 5.4, 12.2, 13.6, 18.8, 41.8, 49.6, 78.8, 235.6, 761.3, 915.8, 2736.6, 7347.0, 18732.8, 10, 10, 10, 10, 10, 10, 16, 17, 20, 22, 32, 33, 40, -19, 42, 59, 47;
-1, 40, 4, 4, 24, 72, 42, 80, 20, 18, 56, 48, 16, 12, 2, 1, 4, 1, 4, 2, 4, 1, 2, 4, 4, 4, 3, 2, 0, 4, 1, 3, 1, 4, 3, 1, 1, 1, 2, 3, 2, 0, 5.7, 12.6, 7.9, 21.7, 29.8, 55.4, 124.1, 178.8, 222.9, 509.5, 1756.3, 6969.0, 14791.3, 10, 12, 13, 15, 17, 19, 19, 21, 23, 26, 28, 33, 40, -11, 51, 45, 39;
-1, 48, 4, 2, 96, 58, 48, 60, 27, 16, 24, 4, 12, 2, 8, 1, 2, 4, 2, 4, 3, 3, 4, 3, 1, 4, 1, 4, 0, 1, 3, 1, 2, 2, 1, 2, 4, 1, 4, 1, 4, 0, 3.8, 11.8, 13.0, 22.2, 43.5, 54.5, 68.0, 191.8, 652.8, 937.1, 3526.9, 4457.2, 32929.2, 10, 11, 12, 12, 15, 17, 17, 18, 26, 27, 31, 31, 48, -13, 61, 40, 46;
1, 51, 4, 3, 72, 42, 104, 87, 42, 72, 6, 48, 32, 16, 9, 1, 3, 3, 2, 4, 3, 3, 4, 2, 4, 4, 4, 3, 0, 2, 3, 1, 2, 2, 1, 3, 1, 1, 1, 2, 4, 0, 4.8, 12.8, 24.2, 22.4, 36.9, 86.1, 136.5, 249.4, 289.4, 563.7, 1182.4, 4805.4, 25138.5, 10, 11, 12, 12, 15, 15, 23, 26, 26, 30, 34, 44, 51, 2, 49, 47, 33;
-1, 63, 4, 1, 72, 18, 60, 28, 36, 32, 20, 10, 12, 12, 8, 1, 1, 3, 1, 3, 2, 3, 2, 2, 2, 3, 2, 4, 0, 2, 4, 2, 3, 2, 3, 3, 3, 2, 3, 1, 3, 0, 5.1, 12.2, 21.3, 27.2, 49.0, 62.0, 158.1, 255.5, 481.8, 707.4, 3183.4, 5791.8, 22259.8, 10, 10, 11, 13, 15, 15, 16, 19, 27, 27, 40, 53, 63, -4, 67, 65, 47;
-1, 35, 4, 2, 96, 16, 52, 45, 26, 11, 36, 20, 24, 15, 2, 1, 2, 4, 1, 4, 3, 2, 1, 3, 2, 4, 3, 1, 0, 1, 4, 1, 2, 3, 4, 2, 3, 1, 2, 4, 2, 0, 5.2, 11.0, 16.6, 12.8, 32.5, 32.5, 85.0, 112.3, 294.8, 344.8, 2049.6, 9170.8, 14437.9, 10, 10, 11, 1, 2, 3, 8, 10, 11, 13, 16, 27, 35, -33, 68, 54, 51;
-1, 27, 4, 4, 48, 64, 88, 28, 30, 5, 64, 14, 3, 16, 6, 1, 4, 2, 4, 4, 2, 3, 1, 4, 2, 3, 4, 2, 0, 3, 1, 1, 3, 2, 4, 1, 3, 2, 1, 3, 4, 0, 4.0, 14.0, 8.7, 22.7, 36.5, 52.2, 112.5, 119.6, 525.5, 871.6, 1716.7, 7798.2, 31363.5, 10, 11, 12, 4, 5, 5, 9, 11, 16, 16, 18, 25, 27, -23, 46, 50, 39;
-1, 32, 4, 1, 96, 124, 81, 12, 16, 30, 8, 30, 7, 1, 16, 1, 1, 4, 4, 3, 1, 4, 2, 1, 3, 1, 1, 4, 0, 1, 1, 2, 4, 1, 3, 4, 2, 4, 4, 1, 4, 0, 4.6, 7.4, 13.1, 19.6, 51.7, 48.5, 88.0, 274.1, 362.4, 1321.4, 2891.7, 4385.6, 30781.6, 10, 10, 10, 10, 12, 12, 13, 14, 16, 17, 21, 21, 32, -46, 40, 55, 78;
-1, 34, 4, 4, 96, 48, 60, 40, 2, 68, 26, 12, 30, 16, 8, 2, 4, 4, 3, 3, 4, 1, 4, 2, 2, 3, 4, 4, 0, 1, 2, 2, 1, 4, 1, 3, 3, 2, 1, 1, 2, 0, 5.1, 9.9, 17.2, 23.2, 32.6, 57.2, 79.4, 163.7, 428.9, 689.9, 1039.7, 3563.7, 17347.3, 10, 11, 11, 1, 1, 3, 3, 8, 10, 17, 21, 25, 34, -20, 54, 42, 49;
-1, 50, 4, 3, 24, 104, 60, 20, 36, 60, 36, 18, 5, 10, 9, 2, 3, 1, 4, 3, 1, 2, 3, 3, 3, 1, 2, 3, 0, 4, 1, 2, 4, 3, 2, 2, 2, 4, 3, 2, 3, 0, 4.8, 13.5, 9.5, 27.5, 48.2, 91.0, 154.7, 227.3, 463.5, 964.4, 2695.2, 5134.7, 19988.7, 10, 11, 13, 15, 17, 17, 21, 26, 26, 33, 37, 37, 50, -16, 66, 53, 43;
-1, 54, 4, 4, 72, 64, 26, 104, 8, 44, 32, 24, 10, 16, 8, 1, 4, 3, 4, 1, 4, 1, 4, 4, 3, 2, 4, 2, 0, 2, 1, 4, 1, 4, 1, 1, 2, 3, 1, 3, 4, 0, 5.9, 13.0, 15.6, 23.6, 39.2, 67.0, 63.8, 126.9, 295.0, 1052.3, 997.7, 7495.5, 30632.5, 10, 11, 11, 14, 16, 18, 18, 20, 21, 24, 26, 45, 54, -4, 58, 40, 52;
-1, 49, 4, 1, 96, 64, 20, 26, 66, 36, 34, 15, 18, 16, 6, 1, 1, 4, 4, 2, 2, 3, 3, 2, 3, 3, 4, 2, 0, 1, 1, 3, 3, 2, 2, 3, 2, 2, 1, 3, 4, 0, 6.4, 14.0, 12.7, 17.0, 28.0, 52.7, 49.9, 165.5, 485.2, 985.5, 1349.5, 8290.5, 34229.0, 10, 10, 10, 11, 14, 16, 6, 13, 16, 20, 20, 31, 49, -13, 52, 62, 54;
-1, 47, 4, 4, 48, 66, 120, 22, 30, 96, 88, 52, 7, 6, 4, 1, 4, 2, 3, 4, 2, 2, 4, 4, 4, 1, 3, 4, 0, 3, 2, 1, 3, 3, 1, 1, 1, 4, 2, 1, 2, 0, 5.1, 9.9, 10.0, 17.7, 33.7, 81.7, 68.2, 134.9, 385.4, 1543.9, 2146.8, 3354.2, 17928.0, 10, 11, 11, 11, 11, 14, 14, 14, 16, 33, 35, 35, 47, -25, 72, 67, 39;
-1, 38, 4, 2, 24, 48, 42, 72, 7, 40, 42, 12, 16, 6, 3, 2, 2, 1, 3, 3, 4, 1, 4, 3, 2, 4, 1, 3, 0, 4, 2, 2, 1, 4, 1, 2, 3, 1, 4, 2, 1, 0, 5.6, 14.4, 16.7, 19.6, 24.6, 69.9, 61.3, 125.8, 452.7, 587.0, 2656.9, 4389.6, 10657.0, 10, 12, 12, 13, 15, 17, 17, 19, 21, 23, 25, 27, 38, -25, 63, 62, 49;
-1, 57, 4, 2, 48, 81, 60, 14, 136, 6, 16, 9, 24, 2, 8, 2, 2, 2, 3, 2, 1, 4, 3, 1, 1, 4, 1, 4, 0, 3, 2, 3, 4, 1, 2, 4, 4, 1, 4, 1, 2, 0, 5.4, 12.0, 17.5, 17.7, 29.9, 52.5, 64.1, 209.3, 457.0, 703.3, 2356.7, 3519.4, 16317.8, 10, 10, 10, 12, 14, 16, 16, 22, 29, 30, 43, 43, 57, -16, 43, 73, 65;
-1, 52, 4, 1, 96, 29, 22, 38, 20, 23, 12, 18, 14, 2, 4, 3, 1, 4, 1, 1, 2, 2, 1, 1, 3, 2, 2, 4, 0, 1, 4, 4, 3, 3, 4, 4, 2, 3, 3, 1, 3, 0, 6.0, 7.9, 13.0, 18.3, 48.2, 57.9, 83.1, 205.7, 234.4, 769.3, 2422.7, 3655.6, 17678.2, 10, 10, 11, 13, 13, 15, 17, 21, 25, 34, 38, 38, 52, -8, 60, 58, 54;
-1, 53, 4, 2, 72, 54, 48, 24, 17, 80, 2, 12, 15, 24, 6, 1, 2, 3, 3, 2, 4, 1, 4, 2, 2, 3, 4, 3, 0, 2, 2, 3, 1, 4, 1, 3, 3, 2, 1, 2, 4, 0, 5.2, 9.8, 15.9, 26.2, 24.8, 86.3, 91.8, 216.1, 404.7, 714.7, 1230.5, 5577.2, 32895.2, 10, 10, 11, 12, 12, 17, 17, 17, 27, 28, 32, 36, 53, -5, 49, 58, 43;
-1, 55, 4, 4, 72, 58, 72, 96, 81, 38, 64, 26, 40, 20, 12, 2, 4, 3, 2, 4, 4, 3, 2, 4, 2, 4, 4, 3, 0, 2, 3, 1, 1, 2, 3, 1, 3, 1, 1, 2, 1, 0, 5.7, 10.4, 18.4, 17.7, 32.1, 47.5, 77.6, 115.3, 326.4, 435.9, 875.5, 4386.3, 12653.4, 10, 10, 11, 12, 4, 6, 12, 12, 20, 26, 29, 42, 55, -12, 41, 53, 67;
-1, 38, 4, 2, 96, 64, 24, 40, 46, 72, 4, 28, 16, 8, 12, 2, 2, 4, 4, 3, 4, 2, 4, 1, 4, 2, 2, 4, 0, 1, 1, 2, 1, 3, 1, 4, 1, 3, 3, 1, 1, 0, 4.6, 10.9, 15.6, 33.9, 53.0, 79.9, 82.1, 174.1, 289.8, 1082.2, 2035.0, 3153.9, 13641.4, 10, 10, 10, 11, 11, 5, 7, 9, 10, 12, 15, 25, 38, -13, 43, 51, 50;
-1, 49, 4, 1, 96, 72, 12, 56, 12, 11, 32, 2, 18, 6, 9, 1, 1, 4, 4, 1, 4, 1, 1, 4, 2, 3, 2, 3, 0, 1, 1, 4, 1, 4, 4, 1, 3, 2, 3, 2, 3, 0, 5.2, 12.0, 15.4, 24.7, 43.2, 71.7, 95.3, 200.8, 391.0, 748.2, 1983.2, 7211.7, 24075.7, 10, 10, 10, 13, 13, 14, 19, 19, 29, 34, 36, 43, 49, -17, 59, 64, 66;
-1, 39, 4, 4, 96, 54, 112, 72, 42, 88, 20, 12, 4, 16, 10, 2, 4, 4, 3, 4, 4, 2, 4, 1, 1, 2, 4, 2, 0, 1, 2, 1, 1, 3, 1, 4, 4, 3, 1, 3, 3, 0, 5.0, 12.0, 18.8, 17.3, 29.2, 79.3, 128.8, 249.4, 449.2, 781.0, 1326.5, 4185.7, 18179.1, 10, 10, 10, 10, 10, 11, 11, 15, 17, 18, 24, 28, 39, -20, 59, 59, 44;
