#======================================================================================
# Kingdomino AI Experiment
#--------------------------------------------------------------------------------------
# 
# Player strategy:   MC_OPPONENT_FULL_GREEDY
# Opponent strategy: BASE_PLAYER
# 
# Runs: 1000
# Output file: kdom_exp-20170309-180806-rev-50a7fab/kdom_exp_MC_OPPONENT_FULL_GREEDY_vs_BASE_PLAYER.m
# 
# Executing: 'java -jar out/kdom-exp.jar MC_OPPONENT_FULL_GREEDY BASE_PLAYER kdom_exp-20170309-180806-rev-50a7fab/kdom_exp_MC_OPPONENT_FULL_GREEDY_vs_BASE_PLAYER.m'
# Git Revision: 50a7fab
#--------------------------------------------------------------------------------------

# win, score, num_players, available_moves(13), available_draft(13), chosen_draft_position(13)
kdom_exp_MC_OPPONENT_FULL_GREEDY_vs_BASE_PLAYER = [
-1, 54, 4, 3, 72, 27, 64, 10, 68, 18, 40, 6, 4, 27, 10, 4, 3, 3, 1, 4, 1, 4, 2, 4, 1, 4, 3, 2, 0, 2, 4, 1, 4, 1, 3, 1, 4, 1, 2, 3, 2, 0;
1, 69, 4, 2, 48, 108, 58, 17, 56, 75, 13, 48, 20, 24, 2, 1, 2, 2, 4, 2, 1, 4, 3, 1, 4, 2, 3, 1, 0, 3, 1, 3, 4, 1, 2, 4, 1, 3, 2, 4, 2, 0;
1, 78, 4, 4, 24, 104, 64, 26, 72, 17, 32, 24, 8, 18, 12, 2, 4, 1, 4, 2, 1, 4, 1, 4, 3, 2, 3, 3, 0, 4, 1, 3, 4, 1, 4, 1, 2, 3, 2, 2, 3, 0;
-1, 59, 4, 2, 96, 108, 22, 112, 24, 6, 13, 24, 18, 6, 6, 1, 2, 4, 4, 1, 4, 1, 3, 1, 4, 3, 2, 3, 0, 1, 1, 4, 1, 4, 2, 4, 1, 2, 3, 2, 3, 0;
-1, 60, 4, 4, 24, 64, 40, 112, 80, 38, 48, 12, 27, 9, 6, 2, 4, 1, 4, 2, 4, 4, 2, 4, 2, 3, 3, 2, 0, 4, 1, 3, 1, 1, 3, 1, 3, 2, 2, 3, 1, 0;
1, 58, 4, 3, 24, 144, 42, 18, 52, 20, 40, 6, 6, 15, 6, 2, 3, 1, 4, 3, 2, 2, 2, 4, 3, 3, 3, 2, 0, 4, 1, 2, 3, 3, 3, 1, 2, 2, 2, 3, 1, 0;
-1, 64, 4, 2, 72, 52, 160, 28, 87, 36, 60, 36, 14, 2, 15, 2, 2, 3, 2, 4, 2, 3, 2, 3, 3, 2, 2, 3, 0, 2, 3, 1, 3, 2, 3, 2, 2, 3, 3, 2, 1, 0;
-1, 67, 4, 4, 24, 72, 20, 72, 22, 22, 40, 11, 12, 16, 6, 2, 4, 1, 4, 1, 4, 2, 2, 4, 1, 3, 4, 2, 0, 4, 1, 4, 1, 3, 3, 1, 4, 2, 1, 3, 2, 0;
-1, 61, 4, 4, 24, 84, 17, 96, 36, 64, 36, 7, 16, 4, 3, 3, 4, 1, 4, 1, 4, 3, 4, 3, 1, 4, 2, 3, 0, 4, 1, 4, 1, 2, 1, 2, 4, 1, 3, 2, 4, 0;
-1, 48, 4, 2, 96, 31, 112, 20, 104, 56, 14, 39, 30, 3, 8, 2, 2, 4, 1, 4, 1, 4, 4, 1, 3, 3, 1, 4, 0, 1, 4, 1, 4, 1, 1, 4, 2, 2, 4, 1, 1, 0;
1, 71, 4, 2, 72, 87, 56, 66, 72, 24, 80, 21, 18, 9, 5, 2, 2, 3, 3, 2, 3, 3, 1, 4, 3, 3, 3, 1, 0, 2, 2, 3, 2, 2, 4, 1, 2, 2, 2, 4, 1, 0;
-1, 56, 4, 1, 96, 62, 54, 144, 23, 72, 36, 36, 8, 12, 2, 1, 1, 4, 2, 2, 4, 1, 3, 2, 3, 1, 4, 1, 0, 1, 3, 3, 1, 4, 2, 3, 2, 4, 1, 4, 2, 0;
-1, 50, 4, 1, 96, 16, 72, 14, 80, 16, 10, 18, 14, 5, 8, 2, 1, 4, 1, 4, 1, 4, 2, 1, 2, 2, 1, 4, 0, 1, 4, 1, 4, 1, 3, 4, 3, 3, 4, 1, 1, 0;
1, 49, 4, 2, 72, 81, 23, 108, 75, 24, 64, 64, 12, 16, 9, 2, 2, 3, 3, 1, 4, 3, 2, 4, 4, 2, 4, 3, 0, 2, 2, 4, 1, 2, 3, 1, 1, 3, 1, 2, 3, 0;
1, 61, 4, 2, 96, 54, 66, 69, 152, 60, 63, 11, 12, 4, 4, 4, 2, 4, 2, 3, 3, 4, 2, 3, 1, 2, 1, 4, 0, 1, 3, 2, 2, 1, 3, 2, 4, 3, 4, 1, 1, 0;
-1, 69, 4, 4, 48, 112, 15, 66, 60, 104, 54, 13, 36, 6, 6, 1, 4, 2, 4, 1, 3, 3, 4, 3, 1, 4, 3, 3, 0, 3, 1, 4, 2, 2, 1, 2, 4, 1, 2, 2, 2, 0;
-1, 49, 4, 4, 24, 64, 54, 20, 33, 72, 14, 24, 10, 6, 6, 1, 4, 1, 4, 2, 2, 3, 4, 1, 4, 2, 2, 2, 0, 4, 1, 3, 3, 2, 1, 4, 1, 3, 3, 3, 2, 0;
-1, 50, 4, 3, 24, 54, 16, 45, 17, 68, 32, 39, 26, 6, 4, 1, 3, 1, 3, 1, 3, 1, 4, 2, 3, 2, 2, 1, 0, 4, 2, 4, 2, 4, 1, 3, 2, 3, 3, 4, 3, 0;
1, 56, 4, 3, 96, 18, 30, 38, 13, 12, 12, 9, 15, 10, 24, 2, 3, 4, 1, 3, 2, 1, 3, 2, 3, 3, 2, 4, 0, 1, 4, 2, 3, 4, 2, 3, 2, 2, 3, 1, 4, 0;
-1, 85, 4, 3, 48, 84, 48, 50, 46, 42, 48, 30, 32, 6, 12, 1, 3, 2, 4, 2, 2, 2, 2, 4, 3, 4, 3, 4, 0, 3, 1, 3, 3, 3, 3, 1, 2, 1, 2, 1, 2, 0;
1, 73, 4, 1, 72, 58, 114, 72, 111, 28, 56, 26, 56, 24, 1, 2, 1, 3, 2, 3, 2, 3, 2, 2, 2, 4, 3, 1, 0, 2, 3, 2, 3, 2, 3, 3, 3, 1, 2, 4, 1, 0;
1, 70, 4, 3, 72, 42, 48, 104, 21, 28, 17, 40, 22, 6, 6, 1, 3, 3, 2, 2, 4, 1, 2, 1, 4, 2, 3, 1, 0, 2, 3, 3, 1, 4, 3, 4, 1, 3, 2, 4, 1, 0;
1, 61, 4, 1, 96, 32, 38, 84, 48, 8, 8, 24, 48, 2, 3, 2, 1, 4, 2, 2, 3, 4, 1, 4, 2, 4, 2, 3, 0, 1, 3, 3, 2, 1, 4, 1, 3, 1, 3, 2, 3, 0;
-1, 59, 4, 1, 72, 52, 32, 88, 58, 12, 56, 18, 18, 14, 24, 1, 1, 3, 2, 2, 4, 2, 1, 4, 2, 2, 2, 4, 0, 2, 3, 3, 1, 3, 4, 1, 3, 3, 3, 1, 4, 0;
-1, 49, 4, 3, 24, 64, 12, 24, 6, 40, 33, 21, 7, 21, 24, 2, 3, 1, 4, 1, 4, 1, 4, 3, 3, 1, 3, 4, 0, 4, 1, 4, 1, 4, 1, 2, 2, 4, 2, 1, 1, 0;
-1, 75, 4, 1, 72, 104, 50, 56, 46, 13, 34, 8, 15, 6, 4, 1, 1, 3, 4, 2, 2, 2, 1, 2, 1, 3, 2, 2, 0, 2, 1, 3, 3, 3, 4, 3, 4, 2, 3, 3, 4, 0;
1, 97, 4, 4, 24, 64, 40, 112, 17, 15, 40, 39, 22, 40, 6, 2, 4, 1, 4, 2, 4, 1, 1, 2, 3, 2, 4, 2, 0, 4, 1, 3, 1, 4, 4, 3, 2, 3, 1, 3, 2, 0;
-1, 60, 4, 3, 24, 72, 46, 63, 93, 12, 68, 36, 13, 4, 18, 2, 3, 1, 4, 2, 3, 3, 1, 4, 3, 1, 2, 3, 0, 4, 1, 3, 2, 2, 4, 1, 2, 4, 3, 2, 1, 0;
1, 71, 4, 1, 96, 27, 48, 22, 72, 39, 11, 36, 5, 2, 8, 2, 1, 4, 1, 3, 1, 4, 3, 1, 4, 1, 1, 4, 0, 1, 4, 2, 4, 1, 2, 4, 1, 4, 4, 1, 3, 0;
1, 70, 4, 4, 24, 104, 27, 56, 13, 30, 30, 7, 8, 10, 6, 2, 4, 1, 4, 1, 4, 1, 2, 3, 1, 4, 2, 2, 0, 4, 1, 4, 1, 4, 3, 2, 4, 1, 3, 3, 3, 0;
-1, 32, 4, 1, 96, 27, 23, 11, 32, 14, 24, 5, 20, 18, 2, 1, 1, 4, 1, 1, 1, 4, 1, 4, 1, 4, 3, 2, 0, 1, 4, 4, 4, 1, 4, 1, 4, 1, 2, 3, 4, 0;
1, 93, 4, 2, 96, 31, 81, 81, 38, 40, 88, 56, 6, 21, 6, 2, 2, 4, 1, 3, 3, 2, 2, 4, 4, 3, 3, 2, 0, 1, 4, 2, 2, 3, 3, 1, 1, 2, 2, 3, 2, 0;
-1, 73, 4, 4, 24, 84, 20, 17, 96, 24, 32, 39, 32, 8, 6, 1, 4, 1, 4, 1, 1, 4, 1, 4, 3, 4, 4, 2, 0, 4, 1, 4, 4, 1, 4, 1, 2, 1, 1, 3, 3, 0;
-1, 56, 4, 2, 48, 22, 60, 16, 51, 32, 2, 27, 20, 24, 8, 1, 2, 2, 1, 3, 1, 3, 2, 2, 3, 2, 4, 4, 0, 3, 4, 2, 4, 2, 3, 3, 2, 3, 1, 1, 3, 0;
1, 72, 4, 2, 72, 81, 48, 72, 63, 18, 48, 24, 48, 24, 12, 1, 2, 3, 3, 2, 3, 3, 2, 4, 4, 4, 3, 3, 0, 2, 2, 3, 2, 2, 3, 1, 1, 1, 2, 2, 4, 0;
1, 70, 4, 2, 96, 66, 54, 64, 84, 120, 38, 16, 8, 16, 12, 2, 2, 4, 3, 2, 2, 3, 4, 2, 2, 1, 4, 3, 0, 1, 2, 3, 3, 2, 1, 3, 3, 4, 1, 2, 3, 0;
-1, 61, 4, 2, 72, 32, 44, 64, 60, 8, 39, 12, 10, 6, 2, 2, 2, 3, 2, 2, 4, 3, 1, 3, 2, 2, 3, 1, 0, 2, 3, 3, 1, 2, 4, 2, 3, 3, 2, 4, 2, 0;
1, 64, 4, 2, 96, 16, 72, 18, 54, 12, 18, 18, 48, 15, 12, 2, 2, 4, 1, 4, 1, 3, 1, 3, 2, 4, 3, 3, 0, 1, 4, 1, 4, 2, 4, 2, 3, 1, 2, 2, 4, 0;
1, 69, 4, 4, 48, 112, 104, 16, 40, 20, 20, 12, 24, 12, 12, 2, 4, 2, 4, 4, 1, 4, 2, 2, 2, 4, 3, 3, 0, 3, 1, 1, 4, 1, 3, 3, 3, 1, 2, 2, 4, 0;
-1, 74, 4, 4, 72, 44, 60, 48, 60, 17, 20, 32, 24, 16, 4, 1, 4, 3, 2, 3, 3, 3, 1, 2, 4, 4, 4, 2, 0, 2, 3, 2, 2, 2, 4, 3, 1, 1, 1, 3, 2, 0;
-1, 55, 4, 3, 48, 54, 16, 30, 45, 24, 12, 9, 32, 5, 8, 2, 3, 2, 3, 1, 3, 3, 3, 2, 1, 4, 1, 4, 0, 3, 2, 4, 2, 2, 2, 3, 4, 1, 4, 1, 3, 0;
-1, 55, 4, 2, 96, 62, 54, 56, 38, 57, 32, 28, 28, 18, 3, 2, 2, 4, 2, 2, 2, 2, 3, 2, 2, 4, 2, 1, 0, 1, 3, 3, 3, 3, 2, 3, 3, 1, 3, 4, 4, 0;
1, 68, 4, 4, 24, 64, 44, 11, 60, 7, 27, 27, 3, 6, 8, 1, 4, 1, 4, 2, 1, 3, 1, 3, 3, 1, 3, 2, 0, 4, 1, 3, 4, 2, 4, 2, 2, 4, 2, 3, 4, 0;
-1, 63, 4, 1, 72, 54, 136, 27, 104, 78, 21, 36, 18, 32, 4, 2, 1, 3, 2, 4, 1, 4, 3, 1, 3, 2, 4, 1, 0, 2, 3, 1, 4, 1, 2, 4, 2, 3, 1, 4, 1, 0;
1, 87, 4, 2, 96, 58, 63, 88, 30, 20, 56, 7, 18, 1, 4, 1, 2, 4, 2, 3, 4, 2, 2, 4, 1, 3, 1, 2, 0, 1, 3, 2, 1, 3, 3, 1, 4, 2, 4, 3, 4, 0;
1, 70, 4, 3, 72, 108, 28, 176, 144, 87, 16, 40, 20, 15, 12, 2, 3, 3, 4, 1, 4, 4, 3, 1, 4, 2, 3, 4, 0, 2, 1, 4, 1, 1, 2, 4, 1, 3, 2, 1, 2, 0;
-1, 52, 4, 4, 24, 42, 24, 46, 45, 42, 12, 32, 16, 8, 2, 1, 4, 1, 2, 1, 2, 3, 3, 1, 4, 4, 4, 1, 0, 4, 3, 4, 3, 2, 2, 4, 1, 1, 1, 4, 1, 0;
1, 78, 4, 3, 48, 104, 48, 45, 80, 56, 42, 33, 9, 24, 15, 1, 3, 2, 4, 3, 3, 4, 4, 2, 3, 1, 4, 3, 0, 3, 1, 2, 2, 1, 1, 3, 2, 4, 1, 2, 2, 0;
1, 68, 4, 2, 96, 18, 48, 26, 18, 12, 30, 9, 12, 8, 4, 1, 2, 4, 1, 4, 1, 1, 2, 3, 1, 3, 2, 2, 0, 1, 4, 1, 4, 4, 3, 2, 4, 2, 3, 3, 2, 0;
-1, 51, 4, 4, 72, 16, 80, 44, 136, 18, 12, 24, 36, 6, 5, 1, 4, 3, 1, 4, 2, 4, 3, 1, 4, 3, 2, 1, 0, 2, 4, 1, 3, 1, 2, 4, 1, 2, 3, 4, 2, 0;
-1, 64, 4, 2, 48, 64, 54, 66, 11, 40, 24, 18, 10, 6, 2, 2, 2, 2, 4, 3, 3, 1, 4, 2, 3, 2, 3, 1, 0, 3, 1, 2, 2, 4, 1, 3, 2, 3, 2, 4, 1, 0;
1, 76, 4, 3, 72, 144, 28, 14, 104, 42, 51, 16, 3, 30, 10, 2, 3, 3, 4, 1, 1, 4, 2, 3, 1, 3, 3, 2, 0, 2, 1, 4, 4, 1, 3, 2, 4, 2, 2, 3, 2, 0;
