#======================================================================================
# Kingdomino AI Experiment
#--------------------------------------------------------------------------------------
# 
# Player strategy:   MCE_TR_R
# Opponent strategy: FULL_GREEDY
# 
# Max search time: 6 (s)
# Max playouts: 0
# Runs: 200
# 
# System: Linux 3.20GHz
# Output file: kdom_exp-20170403-000741-rev-44154d3-cpu-3.20GHz/kdom_exp_MCE_TR_R_vs_FULL_GREEDY_T6_P0.m
# 
# Executing: 'java -jar out/kdom-exp.jar MCE_TR_R FULL_GREEDY kdom_exp-20170403-000741-rev-44154d3-cpu-3.20GHz/kdom_exp_MCE_TR_R_vs_FULL_GREEDY_T6_P0.m 6 0'
# Git Revision: 44154d3
#--------------------------------------------------------------------------------------

# win, score, num_players, available_moves(13), available_draft(13), chosen_draft_position(13), playouts_per_second(13), scores(13), score_diff, opponent_scores(3)
kdom_exp_MCE_TR_R_vs_FULL_GREEDY_T6_P0 = [
-1, 47, 4, 2, 96, 18, 48, 14, 48, 4, 48, 6, 8, 2, 4, 1, 2, 4, 1, 4, 1, 4, 1, 4, 1, 4, 1, 4, 0, 1, 4, 1, 4, 1, 4, 1, 4, 1, 4, 1, 4, 0, 4042.7, 4501.3, 5266.3, 5344.4, 6219.9, 6658.1, 7898.8, 8392.4, 11298.7, 12037.7, 17504.3, 18799.0, 35317.4, 10, 10, 12, 12, 13, 13, 19, 19, 24, 27, 34, 34, 47, -22, 49, 41, 69;
1, 53, 4, 3, 72, 88, 21, 42, 24, 7, 48, 3, 4, 5, 8, 2, 3, 3, 4, 1, 3, 3, 1, 4, 1, 4, 1, 2, 0, 2, 1, 4, 2, 2, 4, 1, 4, 1, 4, 3, 4, 0, 4052.3, 4742.8, 5017.6, 5802.4, 6215.8, 7156.8, 8325.1, 8603.8, 12019.8, 12517.8, 17437.9, 21739.3, 36055.6, 10, 11, 12, 14, 14, 21, 30, 36, 38, 38, 45, 49, 53, 1, 48, 40, 52;
1, 87, 4, 3, 72, 66, 36, 88, 14, 39, 32, 14, 28, 4, 2, 1, 3, 3, 3, 2, 4, 1, 3, 4, 2, 4, 1, 2, 0, 2, 2, 3, 1, 4, 2, 1, 3, 1, 4, 3, 3, 0, 4202.2, 4637.5, 5176.6, 5826.8, 6035.1, 7489.0, 8008.3, 9209.2, 11464.3, 12120.2, 19459.1, 23570.3, 31575.0, 10, 11, 12, 13, 13, 17, 27, 36, 44, 48, 58, 67, 87, 33, 54, 34, 53;
-1, 42, 4, 1, 96, 31, 64, 18, 32, 4, 4, 6, 18, 2, 2, 2, 1, 4, 1, 4, 1, 4, 1, 4, 2, 3, 1, 2, 0, 1, 4, 1, 4, 1, 4, 1, 3, 2, 4, 3, 2, 0, 3978.2, 4459.5, 5122.6, 5239.7, 6369.9, 6678.1, 8380.1, 8518.9, 10889.1, 12871.6, 18750.5, 24600.9, 30670.5, 10, 10, 13, 13, 15, 15, 19, 19, 24, 25, 32, 34, 42, -14, 47, 28, 56;
1, 59, 4, 2, 96, 66, 36, 18, 10, 30, 16, 15, 7, 6, 1, 1, 2, 4, 3, 2, 3, 1, 3, 4, 3, 1, 3, 1, 0, 1, 2, 3, 2, 4, 2, 1, 2, 4, 2, 4, 3, 0, 3917.8, 4500.4, 5052.9, 5646.2, 6021.4, 7259.2, 7660.7, 8422.2, 10347.2, 14469.0, 15925.4, 24033.3, 31782.7, 10, 11, 12, 13, 13, 18, 20, 24, 35, 46, 46, 50, 59, 5, 36, 54, 41;
-1, 56, 4, 2, 96, 31, 48, 20, 24, 7, 48, 12, 8, 6, 2, 1, 2, 4, 1, 4, 1, 4, 1, 4, 2, 2, 3, 2, 0, 1, 4, 1, 4, 1, 4, 1, 3, 3, 2, 3, 4, 0, 4092.6, 4719.9, 5416.1, 5649.7, 6630.9, 6719.2, 8461.6, 8599.9, 11605.4, 13877.3, 16992.7, 24207.7, 39941.0, 10, 10, 12, 12, 20, 20, 28, 28, 33, 35, 40, 43, 56, -1, 57, 49, 47;
1, 56, 4, 1, 96, 36, 64, 6, 32, 6, 18, 3, 12, 16, 4, 2, 1, 4, 2, 4, 1, 4, 1, 3, 1, 3, 4, 2, 0, 1, 3, 1, 4, 1, 4, 2, 4, 2, 1, 3, 4, 0, 3930.9, 4453.5, 4910.7, 5344.9, 6383.1, 6599.6, 8502.2, 8967.7, 11858.9, 12779.4, 15791.3, 23471.0, 37377.5, 10, 10, 11, 12, 14, 16, 19, 19, 27, 31, 35, 47, 56, 2, 45, 46, 54;
1, 60, 4, 3, 72, 87, 12, 24, 14, 20, 24, 6, 10, 6, 12, 1, 3, 3, 3, 1, 4, 1, 2, 4, 1, 2, 2, 3, 0, 2, 2, 4, 1, 4, 3, 1, 4, 3, 3, 2, 2, 0, 4251.4, 4748.9, 5265.3, 5980.9, 6138.9, 7553.1, 8206.2, 8949.5, 11885.1, 13861.7, 17833.4, 21703.8, 30139.8, 10, 11, 12, 14, 14, 18, 24, 28, 32, 34, 43, 47, 60, 10, 35, 50, 48;
-1, 35, 4, 4, 24, 54, 16, 56, 12, 28, 6, 32, 2, 8, 6, 1, 4, 1, 3, 1, 4, 2, 4, 1, 4, 2, 2, 3, 0, 4, 2, 4, 1, 3, 1, 4, 1, 3, 3, 2, 2, 0, 4159.3, 4909.5, 5305.3, 5984.4, 6330.5, 7254.4, 8046.9, 10284.4, 10813.7, 14527.6, 18289.6, 22483.4, 31581.9, 10, 11, 12, 14, 14, 17, 19, 22, 24, 31, 33, 35, 35, -19, 54, 27, 45;
1, 65, 4, 1, 96, 36, 32, 36, 16, 9, 12, 5, 32, 12, 9, 2, 1, 4, 2, 2, 3, 2, 1, 4, 1, 4, 3, 3, 0, 1, 3, 3, 2, 3, 4, 1, 4, 1, 2, 2, 2, 0, 3958.2, 4302.8, 5006.1, 5353.9, 5960.5, 6847.7, 8262.1, 8609.5, 11231.7, 11968.1, 15612.5, 21661.5, 30138.9, 10, 10, 11, 11, 12, 15, 22, 23, 33, 36, 46, 58, 65, 5, 52, 60, 51;
0, 51, 4, 1, 96, 62, 36, 42, 18, 4, 36, 10, 4, 9, 1, 2, 1, 4, 2, 3, 2, 3, 1, 3, 1, 4, 3, 1, 0, 1, 3, 2, 3, 2, 4, 2, 4, 1, 2, 4, 1, 0, 3979.9, 4454.2, 5184.2, 5573.3, 6307.5, 6850.0, 8380.0, 8828.8, 11462.8, 12013.5, 16009.1, 24075.0, 26556.2, 10, 10, 13, 13, 18, 18, 21, 21, 27, 31, 37, 44, 51, 0, 51, 46, 51;
1, 68, 4, 2, 24, 88, 66, 12, 27, 21, 24, 18, 18, 6, 3, 1, 2, 1, 4, 3, 2, 3, 3, 3, 3, 3, 3, 1, 0, 4, 1, 2, 3, 2, 2, 2, 2, 2, 2, 4, 2, 0, 4120.5, 4708.5, 4958.3, 5511.5, 6310.3, 6674.9, 7853.8, 9011.4, 10510.0, 12817.1, 15601.2, 23906.9, 29742.4, 10, 11, 11, 12, 13, 16, 23, 27, 31, 33, 44, 56, 68, 7, 56, 61, 44;
1, 81, 4, 2, 72, 104, 24, 42, 88, 32, 30, 6, 12, 9, 4, 1, 2, 3, 4, 1, 3, 4, 2, 3, 2, 3, 3, 2, 0, 2, 1, 4, 2, 1, 3, 2, 3, 2, 2, 3, 1, 0, 4118.4, 4798.5, 5126.2, 5939.2, 6310.0, 6690.8, 8466.1, 9733.3, 11540.5, 13212.8, 16847.3, 24343.7, 29753.9, 10, 11, 11, 14, 14, 16, 20, 31, 34, 36, 47, 61, 81, 11, 70, 49, 41;
-1, 49, 4, 1, 72, 22, 96, 6, 16, 18, 20, 6, 4, 4, 6, 1, 1, 3, 1, 4, 1, 2, 3, 2, 3, 1, 2, 2, 0, 2, 4, 1, 4, 3, 2, 3, 2, 4, 3, 3, 4, 0, 3943.0, 4447.7, 4853.5, 5003.9, 6315.3, 7066.2, 7807.4, 9557.4, 10645.0, 14690.7, 16596.8, 22928.9, 39585.4, 10, 10, 11, 11, 13, 15, 17, 22, 24, 30, 30, 36, 49, -8, 55, 57, 50;
-1, 45, 4, 1, 72, 58, 60, 69, 6, 56, 16, 36, 3, 2, 2, 1, 1, 3, 2, 3, 3, 1, 4, 2, 4, 1, 2, 1, 0, 2, 3, 2, 2, 4, 1, 3, 1, 4, 3, 4, 2, 0, 3991.3, 4549.9, 5058.3, 5352.7, 5897.8, 7269.5, 7633.3, 8953.4, 9721.1, 14481.9, 17053.4, 25569.6, 29561.1, 10, 10, 11, 12, 13, 14, 14, 21, 24, 28, 31, 35, 45, -4, 27, 45, 49;
-1, 52, 4, 2, 72, 36, 48, 14, 18, 14, 9, 4, 10, 3, 1, 1, 2, 3, 2, 4, 1, 3, 2, 1, 2, 2, 3, 1, 0, 2, 3, 1, 4, 2, 3, 4, 3, 3, 2, 4, 1, 0, 4085.3, 4604.4, 5187.0, 5353.3, 6542.0, 6990.8, 8075.6, 9907.2, 11717.2, 14535.1, 17311.3, 26121.8, 27840.1, 10, 10, 11, 11, 17, 19, 23, 27, 35, 44, 44, 52, 52, -19, 48, 71, 58;
-1, 58, 4, 4, 48, 36, 40, 10, 32, 24, 18, 8, 24, 16, 3, 2, 4, 2, 2, 2, 1, 4, 3, 3, 2, 4, 4, 1, 0, 3, 3, 3, 4, 1, 2, 2, 3, 1, 1, 4, 1, 0, 4068.8, 4761.0, 5181.4, 5668.1, 6854.9, 7003.7, 8012.6, 9065.0, 11299.8, 12342.3, 16377.5, 24578.5, 26586.7, 10, 12, 13, 14, 15, 17, 20, 26, 33, 39, 41, 47, 58, -9, 41, 67, 30;
-1, 60, 4, 4, 24, 72, 24, 48, 8, 54, 5, 28, 12, 5, 2, 1, 4, 1, 4, 1, 4, 2, 3, 1, 4, 3, 1, 1, 0, 4, 1, 4, 1, 3, 2, 4, 1, 2, 4, 4, 4, 0, 4142.9, 5083.6, 5143.9, 6011.1, 6118.4, 7494.8, 8362.0, 10360.9, 10945.1, 13852.2, 19456.6, 27041.6, 39658.4, 10, 12, 12, 14, 14, 15, 15, 29, 29, 37, 45, 54, 60, -2, 45, 59, 62;
-1, 42, 4, 1, 96, 93, 58, 160, 14, 16, 8, 6, 4, 1, 4, 1, 1, 4, 3, 2, 4, 1, 4, 2, 3, 1, 1, 4, 0, 1, 2, 3, 1, 4, 1, 3, 2, 4, 4, 1, 4, 0, 3941.9, 4338.4, 4778.7, 5356.7, 5628.4, 7204.9, 7514.3, 9513.7, 10691.3, 14455.0, 19155.5, 20417.2, 37329.9, 10, 10, 13, 18, 22, 23, 23, 32, 36, 38, 42, 42, 42, -23, 45, 37, 65;
1, 59, 4, 4, 24, 104, 16, 48, 48, 22, 3, 18, 24, 9, 7, 1, 4, 1, 4, 1, 3, 4, 2, 3, 3, 3, 3, 1, 0, 4, 1, 4, 2, 1, 3, 2, 2, 2, 2, 4, 1, 0, 4028.2, 4801.2, 4873.2, 5696.1, 6095.0, 6693.9, 8682.5, 9393.6, 10782.7, 13240.9, 16611.9, 25968.1, 27378.1, 10, 12, 16, 19, 19, 23, 26, 26, 33, 41, 44, 59, 59, 1, 32, 42, 58;
1, 84, 4, 4, 24, 72, 32, 64, 52, 12, 48, 4, 18, 12, 9, 2, 4, 1, 4, 2, 4, 4, 1, 4, 1, 3, 3, 3, 0, 4, 1, 3, 1, 1, 4, 1, 4, 2, 2, 2, 3, 0, 4125.0, 4761.8, 5033.6, 5871.8, 6141.1, 6878.0, 9100.0, 9649.3, 12309.8, 13517.0, 17169.3, 22029.6, 33000.5, 10, 12, 12, 14, 16, 22, 25, 29, 31, 44, 58, 73, 84, 14, 70, 53, 61;
1, 51, 4, 4, 24, 72, 18, 24, 6, 16, 16, 24, 2, 15, 2, 2, 4, 1, 4, 1, 2, 1, 4, 2, 3, 1, 3, 2, 0, 4, 1, 4, 3, 4, 1, 3, 2, 4, 2, 3, 1, 0, 4076.1, 4688.5, 4922.5, 5697.8, 5943.9, 7084.0, 7305.1, 8994.5, 10080.0, 14397.3, 16551.3, 22746.1, 26998.8, 10, 12, 12, 18, 18, 20, 20, 23, 25, 29, 36, 42, 51, 2, 36, 34, 49;
