#======================================================================================
# Kingdomino AI Experiment
#--------------------------------------------------------------------------------------
# 
# Player strategy:   MCE_TR_R
# Opponent strategy: FULL_GREEDY
# 
# Max search time: 0.1 (s)
# Max playouts: 0
# Runs: 200
# 
# System: Linux 3.20GHz
# Output file: kdom_exp-20170403-000741-rev-44154d3-cpu-3.20GHz/kdom_exp_MCE_TR_R_vs_FULL_GREEDY_T0.1_P0.m
# 
# Executing: 'java -jar out/kdom-exp.jar MCE_TR_R FULL_GREEDY kdom_exp-20170403-000741-rev-44154d3-cpu-3.20GHz/kdom_exp_MCE_TR_R_vs_FULL_GREEDY_T0.1_P0.m 0.1 0'
# Git Revision: 44154d3
#--------------------------------------------------------------------------------------

# win, score, num_players, available_moves(13), available_draft(13), chosen_draft_position(13), playouts_per_second(13), scores(13), score_diff, opponent_scores(3)
kdom_exp_MCE_TR_R_vs_FULL_GREEDY_T0_1_P0 = [
-1, 41, 4, 2, 72, 66, 18, 48, 4, 72, 8, 18, 27, 2, 4, 2, 2, 3, 3, 1, 3, 1, 4, 2, 2, 3, 1, 4, 0, 2, 2, 4, 2, 4, 1, 3, 3, 2, 4, 1, 3, 0, 699.6, 2337.7, 2460.0, 4908.6, 4901.0, 6512.7, 7044.5, 8513.1, 10443.4, 12583.3, 16398.1, 17766.9, 28002.6, 10, 10, 10, 12, 12, 18, 18, 20, 24, 27, 37, 37, 41, -40, 54, 62, 81;
-1, 48, 4, 1, 96, 112, 34, 56, 45, 21, 22, 32, 5, 8, 6, 1, 1, 4, 4, 2, 4, 3, 3, 2, 4, 1, 2, 3, 0, 1, 1, 3, 1, 2, 2, 3, 1, 4, 3, 2, 2, 0, 438.8, 1414.8, 3383.8, 4652.7, 4669.5, 5688.6, 7124.2, 8604.2, 6714.4, 12966.7, 17906.4, 21573.4, 32805.5, 10, 11, 13, 14, 16, 17, 18, 24, 26, 34, 42, 48, 48, -4, 52, 44, 37;
-1, 47, 4, 1, 96, 16, 72, 10, 52, 20, 24, 24, 12, 4, 16, 2, 1, 4, 1, 3, 1, 4, 2, 4, 3, 3, 2, 4, 0, 1, 4, 2, 4, 1, 3, 1, 2, 2, 3, 1, 4, 0, 788.0, 2319.0, 3489.8, 4609.9, 4221.6, 5858.9, 7372.3, 8219.1, 9263.8, 11067.1, 15291.5, 19168.1, 37249.3, 10, 10, 12, 15, 17, 17, 19, 23, 25, 29, 39, 40, 47, -26, 73, 58, 50;
1, 57, 4, 4, 48, 66, 42, 51, 10, 16, 18, 4, 24, 4, 6, 2, 4, 2, 3, 2, 3, 1, 4, 3, 1, 4, 2, 3, 0, 3, 2, 3, 2, 4, 1, 2, 4, 1, 3, 2, 2, 0, 689.8, 2096.4, 4186.0, 4653.9, 5022.6, 7057.4, 7052.9, 7363.1, 7102.9, 11961.3, 16405.6, 20760.5, 24365.6, 10, 11, 13, 14, 14, 20, 20, 26, 31, 34, 44, 45, 57, 2, 33, 55, 54;
-1, 41, 4, 4, 48, 88, 88, 54, 12, 36, 32, 8, 9, 16, 4, 1, 4, 2, 4, 4, 3, 1, 3, 4, 4, 3, 4, 2, 0, 3, 1, 1, 2, 4, 2, 1, 1, 2, 1, 3, 2, 0, 667.6, 2605.9, 2781.6, 3242.2, 4908.5, 6713.6, 7774.1, 8691.1, 10184.8, 12825.9, 15971.4, 21429.4, 26607.2, 10, 11, 13, 14, 17, 19, 19, 23, 23, 28, 32, 41, 41, -10, 48, 29, 51;
1, 77, 4, 2, 96, 160, 48, 38, 56, 57, 27, 40, 18, 14, 10, 1, 2, 4, 4, 3, 2, 4, 3, 3, 4, 2, 2, 2, 0, 1, 1, 2, 3, 1, 2, 2, 1, 3, 3, 3, 3, 0, 769.0, 2100.6, 3562.3, 4498.1, 4449.5, 4737.6, 6178.1, 8954.3, 6865.8, 12126.8, 16782.9, 21008.2, 30603.1, 10, 10, 10, 10, 15, 22, 31, 36, 42, 47, 51, 54, 77, 8, 51, 69, 46;
1, 64, 4, 1, 96, 48, 20, 12, 80, 7, 24, 10, 12, 4, 16, 1, 1, 4, 3, 2, 1, 4, 1, 4, 2, 3, 2, 4, 0, 1, 2, 3, 4, 1, 4, 1, 3, 2, 3, 1, 4, 0, 728.0, 1463.9, 1559.8, 4181.7, 4807.2, 6407.8, 6754.8, 8542.5, 11125.5, 13006.7, 16298.3, 19927.0, 33873.5, 10, 10, 11, 12, 15, 19, 26, 26, 30, 37, 42, 48, 64, 9, 47, 55, 51;
1, 61, 4, 3, 96, 62, 51, 18, 80, 36, 9, 32, 24, 2, 9, 2, 3, 4, 2, 3, 1, 4, 3, 1, 4, 3, 2, 3, 0, 1, 3, 2, 4, 1, 2, 4, 1, 2, 3, 2, 2, 0, 597.0, 1073.9, 3134.9, 4848.8, 5397.7, 5501.5, 6566.3, 8474.3, 9803.9, 12346.1, 15351.8, 20278.4, 28937.4, 10, 10, 13, 14, 16, 18, 25, 33, 35, 47, 48, 52, 61, 2, 59, 54, 52;
1, 65, 4, 4, 24, 54, 46, 45, 27, 7, 6, 18, 16, 4, 12, 2, 4, 1, 3, 2, 3, 3, 1, 2, 3, 4, 2, 4, 0, 4, 2, 3, 2, 2, 4, 3, 2, 1, 3, 1, 2, 0, 686.1, 2266.0, 2533.9, 4438.8, 4863.8, 5518.2, 8115.0, 9116.1, 10232.3, 10715.4, 14676.4, 16887.5, 27658.0, 10, 11, 12, 12, 12, 15, 20, 24, 32, 36, 40, 49, 65, 9, 56, 25, 47;
-1, 44, 4, 1, 72, 48, 30, 56, 9, 12, 8, 8, 16, 12, 3, 1, 1, 3, 3, 2, 4, 1, 3, 1, 4, 2, 3, 1, 0, 2, 2, 3, 1, 4, 2, 4, 1, 3, 2, 4, 1, 0, 765.8, 2497.1, 3739.5, 4107.3, 4842.7, 5697.3, 6313.8, 7757.3, 6257.1, 11641.0, 14214.2, 21856.9, 24405.3, 10, 10, 11, 13, 13, 19, 19, 23, 25, 28, 30, 39, 44, -4, 48, 41, 47;
-1, 51, 4, 4, 24, 104, 22, 88, 32, 6, 8, 33, 3, 4, 4, 1, 4, 1, 4, 1, 4, 2, 1, 2, 3, 1, 1, 4, 0, 4, 1, 4, 1, 3, 4, 3, 2, 4, 4, 1, 4, 0, 784.3, 2642.7, 2453.8, 3383.5, 4707.8, 5503.0, 8404.2, 8977.1, 10221.2, 13923.7, 16527.6, 18344.6, 32507.7, 10, 12, 12, 14, 14, 16, 24, 28, 30, 38, 39, 39, 51, -3, 54, 44, 48;
1, 64, 4, 4, 72, 32, 36, 64, 64, 14, 18, 9, 16, 2, 4, 4, 4, 3, 2, 2, 4, 4, 2, 3, 1, 4, 1, 4, 0, 2, 3, 3, 1, 1, 3, 2, 4, 1, 4, 1, 2, 0, 709.8, 1838.4, 2736.7, 4286.3, 5369.3, 4754.9, 7560.1, 8768.2, 11288.7, 11518.6, 17275.5, 19271.9, 29414.4, 10, 11, 13, 17, 19, 23, 28, 35, 43, 49, 60, 60, 64, 4, 53, 46, 60;
1, 52, 4, 4, 48, 66, 12, 42, 80, 42, 12, 7, 8, 4, 6, 1, 4, 2, 3, 1, 3, 4, 3, 4, 1, 2, 2, 3, 0, 3, 2, 4, 2, 1, 2, 1, 4, 3, 3, 2, 4, 0, 688.4, 2276.4, 2345.2, 4335.4, 5024.8, 4988.2, 7776.9, 8412.6, 11222.6, 12392.6, 16231.1, 21094.0, 35728.5, 10, 11, 12, 13, 13, 17, 18, 25, 28, 30, 36, 39, 52, 3, 45, 48, 49;
-1, 52, 4, 1, 96, 31, 48, 24, 4, 20, 48, 10, 6, 3, 4, 1, 1, 4, 1, 4, 4, 1, 2, 4, 1, 2, 1, 4, 0, 1, 4, 1, 1, 4, 3, 1, 4, 3, 4, 1, 4, 0, 786.5, 1587.7, 3519.6, 3888.0, 4868.1, 5263.2, 6805.8, 7737.0, 10504.7, 12184.9, 17288.6, 18953.8, 37617.6, 10, 10, 13, 13, 14, 18, 21, 23, 29, 32, 40, 40, 52, -4, 45, 56, 43;
1, 58, 4, 2, 96, 72, 80, 44, 26, 34, 8, 12, 32, 4, 8, 1, 2, 4, 4, 4, 2, 2, 2, 4, 2, 4, 2, 4, 0, 1, 1, 1, 3, 3, 3, 1, 3, 1, 3, 1, 4, 0, 657.1, 1546.7, 2855.5, 3275.6, 4785.3, 5833.2, 6896.0, 8499.8, 11308.4, 12201.4, 16253.2, 19235.1, 32534.0, 10, 10, 11, 11, 12, 17, 21, 23, 29, 35, 38, 44, 58, 10, 48, 47, 37;
-1, 42, 4, 3, 48, 44, 57, 42, 4, 5, 27, 8, 32, 4, 4, 2, 3, 2, 2, 3, 2, 2, 1, 3, 1, 4, 2, 4, 0, 3, 3, 2, 3, 3, 4, 2, 4, 1, 3, 1, 4, 0, 529.8, 2025.9, 4080.0, 4655.4, 4418.7, 6495.4, 8101.0, 7093.4, 6919.5, 11428.9, 18135.6, 18126.2, 35843.8, 10, 11, 12, 13, 13, 16, 17, 18, 26, 32, 35, 35, 42, -27, 48, 68, 69;
-1, 48, 4, 3, 48, 64, 24, 56, 30, 13, 18, 20, 2, 8, 1, 1, 3, 2, 4, 2, 4, 3, 1, 2, 2, 1, 4, 1, 0, 3, 1, 3, 1, 2, 4, 3, 3, 4, 1, 4, 3, 0, 588.7, 1673.5, 3342.7, 4058.0, 5100.0, 5007.0, 7872.0, 8546.2, 7372.6, 11979.4, 14018.9, 22863.9, 30444.5, 10, 10, 10, 11, 11, 13, 19, 25, 26, 30, 32, 42, 48, -15, 46, 63, 54;
-1, 43, 4, 3, 72, 108, 28, 24, 39, 5, 12, 8, 6, 4, 8, 1, 3, 3, 3, 2, 3, 3, 1, 4, 4, 1, 4, 2, 0, 2, 2, 3, 2, 2, 4, 1, 1, 4, 1, 3, 4, 0, 736.4, 2119.1, 3570.0, 4772.5, 4831.7, 6306.7, 7229.9, 7382.2, 7075.8, 13647.1, 13706.2, 23114.0, 37979.4, 10, 10, 10, 12, 12, 13, 15, 17, 21, 27, 27, 35, 43, -14, 54, 57, 55;
-1, 45, 4, 4, 24, 72, 38, 11, 88, 16, 6, 15, 8, 4, 3, 1, 4, 1, 4, 2, 1, 4, 2, 1, 3, 2, 2, 3, 0, 4, 1, 3, 4, 1, 3, 4, 2, 3, 3, 2, 4, 0, 710.0, 2568.1, 3007.7, 4377.9, 4726.5, 5747.4, 7965.4, 8075.6, 7255.5, 12586.7, 17253.6, 22051.2, 35943.6, 10, 12, 12, 12, 18, 18, 26, 28, 29, 31, 40, 40, 45, -22, 48, 49, 67;
-1, 31, 4, 1, 96, 16, 112, 96, 56, 26, 4, 24, 12, 20, 1, 1, 1, 4, 1, 4, 4, 4, 2, 1, 3, 2, 4, 1, 0, 1, 4, 1, 1, 1, 3, 4, 2, 3, 1, 4, 2, 0, 876.8, 2287.6, 3722.1, 4036.1, 4495.1, 4836.4, 6706.3, 9021.4, 9784.3, 12707.5, 14498.3, 23871.7, 29305.2, 10, 10, 12, 12, 5, 9, 15, 17, 21, 27, 28, 31, 31, -16, 47, 36, 46;
-1, 51, 4, 1, 96, 18, 48, 10, 9, 20, 6, 24, 6, 8, 4, 1, 1, 4, 1, 4, 1, 1, 4, 1, 4, 1, 4, 2, 0, 1, 4, 1, 4, 4, 1, 4, 1, 4, 1, 3, 2, 0, 788.6, 1806.7, 4109.8, 4650.2, 4156.7, 6278.5, 6168.7, 8360.4, 6159.7, 13203.5, 14171.5, 19916.9, 29493.4, 10, 10, 11, 11, 16, 25, 25, 32, 34, 37, 37, 43, 51, -8, 58, 26, 59;
1, 63, 4, 3, 24, 36, 80, 42, 12, 12, 18, 12, 4, 6, 16, 1, 3, 1, 2, 4, 3, 3, 2, 3, 2, 1, 3, 4, 0, 4, 3, 1, 2, 2, 3, 2, 3, 4, 2, 1, 2, 0, 409.4, 2433.1, 3437.2, 4095.1, 5084.6, 5676.6, 7938.9, 8842.8, 10896.8, 13588.4, 15284.3, 19209.9, 27837.7, 10, 11, 12, 14, 15, 16, 23, 25, 35, 38, 42, 48, 63, 12, 43, 43, 51;
