#======================================================================================
# Kingdomino AI Experiment
#--------------------------------------------------------------------------------------
# 
# Player strategy:   MCE_TR_R
# Opponent strategy: FULL_GREEDY
# 
# Max search time: 4 (s)
# Max playouts: 0
# Runs: 200
# 
# System: Linux 3.20GHz
# Output file: kdom_exp-20170403-000741-rev-44154d3-cpu-3.20GHz/kdom_exp_MCE_TR_R_vs_FULL_GREEDY_T4_P0.m
# 
# Executing: 'java -jar out/kdom-exp.jar MCE_TR_R FULL_GREEDY kdom_exp-20170403-000741-rev-44154d3-cpu-3.20GHz/kdom_exp_MCE_TR_R_vs_FULL_GREEDY_T4_P0.m 4 0'
# Git Revision: 44154d3
#--------------------------------------------------------------------------------------

# win, score, num_players, available_moves(13), available_draft(13), chosen_draft_position(13), playouts_per_second(13), scores(13), score_diff, opponent_scores(3)
kdom_exp_MCE_TR_R_vs_FULL_GREEDY_T4_P0 = [
1, 68, 4, 4, 72, 36, 60, 40, 60, 32, 24, 12, 8, 2, 8, 1, 4, 3, 2, 3, 2, 4, 2, 3, 2, 2, 1, 4, 0, 2, 3, 2, 3, 1, 3, 2, 3, 3, 4, 1, 4, 0, 4152.5, 4764.4, 5296.5, 5713.6, 6283.2, 6714.4, 8494.2, 9701.6, 12258.5, 14267.1, 18274.8, 20508.0, 39137.5, 10, 11, 11, 13, 19, 24, 31, 32, 38, 44, 49, 54, 68, 13, 45, 55, 43;
-1, 60, 4, 2, 72, 18, 48, 30, 11, 24, 5, 3, 21, 8, 6, 2, 2, 3, 1, 4, 3, 1, 4, 1, 3, 3, 4, 3, 0, 2, 4, 1, 2, 4, 1, 4, 2, 2, 1, 2, 1, 0, 4051.9, 4572.4, 5405.4, 5598.7, 6075.1, 7312.7, 7532.3, 9992.0, 10701.4, 12936.4, 15265.0, 21107.8, 27742.5, 10, 10, 11, 11, 12, 16, 16, 26, 26, 28, 49, 56, 60, -19, 74, 79, 48;
-1, 57, 4, 2, 96, 22, 36, 24, 30, 56, 14, 24, 5, 16, 3, 2, 2, 4, 1, 2, 4, 3, 4, 2, 4, 1, 4, 1, 0, 1, 4, 3, 1, 2, 1, 3, 1, 4, 1, 4, 1, 0, 4055.3, 4669.8, 5442.7, 6043.4, 6223.6, 7083.1, 7991.3, 9850.5, 10902.2, 15098.7, 15865.6, 28459.5, 30281.4, 10, 11, 14, 15, 15, 20, 26, 38, 38, 46, 46, 50, 57, -16, 73, 47, 53;
-1, 57, 4, 2, 72, 54, 48, 28, 54, 11, 24, 3, 4, 3, 4, 2, 2, 3, 3, 3, 2, 3, 1, 4, 3, 1, 3, 2, 0, 2, 2, 2, 3, 2, 4, 1, 2, 4, 2, 3, 1, 0, 3789.1, 4461.7, 5062.6, 5407.6, 6212.2, 6507.1, 7926.0, 8605.4, 10997.4, 14788.9, 15986.5, 22756.4, 28117.2, 10, 10, 11, 12, 15, 15, 17, 26, 32, 38, 38, 51, 57, -7, 64, 64, 36;
-1, 60, 4, 1, 96, 22, 64, 19, 18, 48, 24, 12, 32, 10, 9, 1, 1, 4, 1, 4, 1, 1, 4, 3, 3, 4, 2, 3, 0, 1, 4, 1, 4, 4, 1, 2, 2, 1, 3, 2, 2, 0, 4005.3, 4678.0, 5264.8, 5380.5, 6736.0, 7737.9, 8014.1, 9689.2, 11344.1, 13136.6, 18282.2, 23138.5, 34924.5, 10, 11, 13, 14, 18, 19, 19, 24, 28, 30, 37, 46, 60, -22, 51, 44, 82;
1, 82, 4, 4, 24, 54, 12, 36, 64, 16, 6, 36, 24, 6, 8, 1, 4, 1, 3, 1, 2, 4, 2, 1, 4, 4, 2, 4, 0, 4, 2, 4, 3, 1, 3, 4, 1, 1, 3, 1, 4, 0, 3818.4, 4926.9, 5020.4, 5688.9, 6261.7, 6585.0, 8153.5, 9845.6, 10452.8, 13068.5, 18246.7, 20949.1, 36740.4, 10, 12, 12, 14, 14, 14, 20, 26, 34, 44, 56, 64, 82, 25, 42, 57, 37;
-1, 48, 4, 4, 24, 72, 19, 48, 17, 64, 7, 16, 6, 4, 12, 1, 4, 1, 4, 1, 3, 1, 4, 1, 4, 1, 4, 2, 0, 4, 1, 4, 2, 4, 1, 4, 1, 4, 1, 3, 3, 0, 3827.4, 5045.9, 5068.6, 5954.3, 6313.9, 7536.9, 7739.8, 10299.0, 10478.2, 14713.0, 15618.0, 23265.1, 32568.9, 10, 13, 13, 16, 16, 21, 21, 23, 27, 32, 32, 40, 48, -3, 51, 26, 48;
-1, 65, 4, 1, 96, 31, 48, 14, 24, 10, 32, 16, 6, 4, 4, 1, 1, 4, 1, 4, 1, 2, 1, 4, 4, 3, 1, 4, 0, 1, 4, 1, 4, 3, 4, 1, 1, 2, 4, 1, 3, 0, 3869.1, 4429.3, 5169.3, 5339.0, 6485.3, 6688.1, 8243.8, 8605.5, 10207.6, 13070.4, 18109.1, 20006.0, 33415.9, 10, 10, 12, 12, 14, 16, 24, 24, 34, 44, 48, 48, 65, -5, 37, 70, 48;
-1, 62, 4, 3, 96, 44, 54, 16, 4, 10, 28, 12, 2, 6, 12, 4, 3, 4, 2, 3, 1, 4, 1, 4, 2, 1, 3, 3, 0, 1, 3, 2, 4, 1, 4, 1, 3, 4, 2, 2, 1, 0, 3936.9, 4803.8, 5248.6, 5820.9, 6840.1, 7025.2, 8601.1, 9120.0, 11872.0, 14596.2, 16678.4, 23103.0, 30502.8, 10, 11, 12, 13, 15, 15, 21, 29, 42, 49, 50, 54, 62, -10, 50, 72, 44;
1, 84, 4, 2, 72, 93, 17, 42, 20, 18, 24, 32, 8, 12, 4, 2, 2, 3, 3, 1, 3, 2, 3, 4, 4, 2, 4, 2, 0, 2, 2, 4, 2, 3, 2, 1, 1, 3, 1, 3, 1, 0, 3908.4, 4684.7, 5042.7, 6125.8, 6487.5, 7160.7, 8063.3, 8818.9, 10333.5, 13767.8, 16019.1, 24070.1, 28120.4, 10, 10, 16, 17, 18, 21, 28, 37, 43, 47, 60, 71, 84, 20, 64, 44, 45;
1, 63, 4, 3, 48, 58, 93, 16, 63, 11, 24, 21, 16, 6, 6, 1, 3, 2, 2, 3, 1, 3, 1, 4, 3, 4, 2, 3, 0, 3, 3, 2, 4, 2, 4, 1, 2, 1, 3, 2, 1, 0, 3852.2, 4844.7, 5124.9, 5721.9, 6570.1, 7082.6, 8750.9, 9062.7, 11518.3, 12814.9, 18481.1, 21606.8, 28083.7, 10, 11, 14, 19, 21, 27, 28, 30, 37, 39, 47, 49, 63, 12, 39, 38, 51;
1, 70, 4, 4, 72, 36, 12, 72, 34, 33, 6, 21, 4, 9, 2, 1, 4, 3, 2, 1, 4, 2, 3, 1, 3, 1, 3, 1, 0, 2, 3, 4, 1, 3, 2, 4, 2, 4, 2, 4, 1, 0, 4011.4, 4762.7, 5174.7, 5993.4, 6173.7, 7335.5, 8231.4, 10054.7, 11043.4, 15133.8, 17451.1, 27534.2, 29401.5, 10, 11, 11, 13, 13, 14, 27, 33, 37, 47, 58, 70, 70, 8, 62, 59, 49;
-1, 50, 4, 4, 24, 72, 12, 42, 32, 5, 32, 7, 12, 4, 6, 2, 4, 1, 4, 1, 3, 4, 1, 4, 1, 4, 1, 3, 0, 4, 1, 4, 2, 1, 4, 1, 4, 1, 4, 2, 1, 0, 4073.4, 4832.1, 5026.9, 5644.6, 6139.3, 6738.5, 8263.1, 8626.8, 10998.8, 11721.2, 19000.1, 21366.0, 26069.6, 10, 12, 12, 13, 14, 14, 20, 22, 31, 34, 39, 41, 50, -9, 58, 53, 59;
1, 55, 4, 1, 96, 18, 64, 42, 48, 5, 27, 14, 12, 2, 8, 1, 1, 4, 1, 4, 3, 4, 1, 3, 2, 4, 1, 4, 0, 1, 4, 1, 2, 1, 4, 2, 3, 1, 4, 1, 4, 0, 3798.1, 4317.1, 5131.2, 5385.8, 6078.2, 6579.0, 8324.4, 9105.0, 11538.7, 12935.8, 19570.5, 20973.9, 39084.4, 10, 10, 12, 13, 16, 21, 25, 26, 30, 34, 40, 40, 55, 5, 35, 50, 28;
-1, 59, 4, 1, 96, 62, 24, 10, 40, 8, 18, 5, 16, 2, 6, 1, 1, 4, 2, 2, 1, 4, 1, 3, 1, 4, 1, 3, 0, 1, 3, 3, 4, 1, 4, 2, 4, 1, 4, 2, 3, 0, 3948.2, 4528.6, 5209.7, 5730.9, 6401.5, 6693.8, 8847.3, 9458.0, 12424.2, 12944.2, 19961.0, 22799.6, 36567.9, 10, 10, 11, 12, 13, 16, 23, 23, 33, 33, 48, 48, 59, -12, 71, 62, 47;
0, 68, 4, 2, 96, 18, 80, 21, 39, 30, 5, 32, 32, 15, 5, 1, 2, 4, 1, 4, 1, 3, 3, 1, 4, 4, 3, 1, 0, 1, 4, 1, 4, 2, 2, 4, 1, 1, 2, 4, 1, 0, 3971.6, 4479.6, 5049.7, 5322.4, 6119.1, 6391.8, 7342.3, 9319.0, 9868.1, 11728.5, 15533.1, 24329.0, 26948.2, 10, 10, 11, 13, 19, 19, 24, 28, 28, 32, 38, 52, 68, 0, 68, 39, 48;
1, 68, 4, 2, 96, 124, 96, 40, 51, 17, 64, 18, 16, 1, 9, 1, 2, 4, 4, 4, 2, 3, 1, 4, 2, 4, 1, 3, 0, 1, 1, 1, 3, 2, 4, 1, 3, 1, 4, 2, 3, 0, 3649.3, 4234.5, 4771.0, 5389.2, 6187.9, 6609.6, 8163.1, 8622.7, 10831.1, 12247.9, 17775.1, 20528.2, 32369.0, 10, 10, 3, 8, 15, 18, 23, 29, 34, 37, 43, 47, 68, 7, 45, 61, 41;
-1, 56, 4, 1, 72, 66, 32, 18, 9, 21, 32, 6, 6, 6, 8, 2, 1, 3, 3, 2, 3, 1, 3, 4, 1, 2, 2, 4, 0, 2, 2, 3, 2, 4, 2, 1, 4, 3, 3, 1, 2, 0, 4033.2, 4507.7, 5053.5, 5941.5, 6304.5, 7653.7, 8183.3, 8894.9, 11981.7, 14377.6, 17955.0, 20457.2, 30138.4, 10, 11, 12, 13, 13, 17, 22, 26, 35, 36, 38, 42, 56, -12, 60, 68, 56;
0, 60, 4, 4, 48, 44, 20, 60, 40, 12, 24, 6, 6, 14, 6, 1, 4, 2, 2, 1, 3, 4, 2, 2, 2, 3, 2, 1, 0, 3, 3, 4, 2, 1, 3, 3, 3, 2, 3, 4, 1, 0, 3797.7, 4761.7, 5175.7, 5944.0, 6384.3, 6944.4, 8539.4, 9976.1, 11664.6, 13671.0, 17445.8, 26454.2, 28014.7, 10, 11, 14, 16, 16, 20, 27, 31, 37, 43, 47, 60, 60, 0, 60, 60, 40;
1, 89, 4, 4, 48, 104, 72, 120, 75, 51, 6, 16, 24, 15, 6, 2, 4, 2, 4, 3, 4, 3, 3, 1, 2, 3, 3, 2, 0, 3, 1, 2, 1, 2, 2, 4, 3, 2, 2, 3, 4, 0, 3829.2, 4918.3, 5150.8, 5729.9, 6151.1, 7058.8, 8261.0, 9705.9, 11693.7, 12685.1, 16415.6, 24585.0, 39515.4, 10, 11, 13, 18, 22, 31, 35, 37, 40, 46, 50, 66, 89, 30, 52, 40, 59;
1, 71, 4, 1, 72, 54, 16, 56, 33, 16, 24, 18, 12, 2, 12, 1, 1, 3, 3, 1, 4, 3, 2, 4, 3, 3, 1, 3, 0, 2, 2, 4, 1, 2, 3, 1, 2, 2, 4, 2, 3, 0, 3829.7, 4453.8, 4887.9, 5612.3, 5884.2, 6541.3, 7893.2, 8372.5, 10537.9, 13155.7, 18616.3, 21010.2, 32233.6, 10, 11, 12, 13, 15, 20, 22, 26, 35, 46, 55, 57, 71, 26, 39, 45, 45;
1, 63, 4, 2, 48, 88, 32, 60, 30, 8, 24, 32, 10, 4, 12, 2, 2, 2, 4, 2, 4, 2, 2, 3, 4, 2, 1, 4, 0, 3, 1, 3, 1, 3, 3, 2, 1, 3, 4, 1, 1, 0, 3985.4, 4801.6, 5104.1, 5974.7, 6289.6, 7570.8, 8540.7, 9379.9, 10534.5, 14480.5, 19133.3, 20467.4, 28274.3, 10, 11, 12, 13, 15, 25, 25, 26, 32, 42, 50, 50, 63, 1, 62, 44, 40;
