#======================================================================================
# Kingdomino AI Experiment
#--------------------------------------------------------------------------------------
# 
# Player strategy:   MCE_FG_R
# Opponent strategy: FULL_GREEDY
# 
# Max search time: 0.5 (s)
# Max playouts: 0
# Runs: 200
# 
# System: Linux 3.20GHz
# Output file: kdom_exp-20170403-000741-rev-44154d3-cpu-3.20GHz/kdom_exp_MCE_FG_R_vs_FULL_GREEDY_T0.5_P0.m
# 
# Executing: 'java -jar out/kdom-exp.jar MCE_FG_R FULL_GREEDY kdom_exp-20170403-000741-rev-44154d3-cpu-3.20GHz/kdom_exp_MCE_FG_R_vs_FULL_GREEDY_T0.5_P0.m 0.5 0'
# Git Revision: 44154d3
#--------------------------------------------------------------------------------------

# win, score, num_players, available_moves(13), available_draft(13), chosen_draft_position(13), playouts_per_second(13), scores(13), score_diff, opponent_scores(3)
kdom_exp_MCE_FG_R_vs_FULL_GREEDY_T0_5_P0 = [
-1, 24, 4, 2, 48, 88, 90, 32, 56, 44, 36, 24, 12, 8, 4, 1, 2, 2, 4, 3, 4, 4, 4, 3, 4, 3, 2, 2, 0, 3, 1, 2, 1, 1, 1, 2, 1, 2, 3, 3, 2, 0, 11.0, 13.7, 21.2, 25.0, 44.6, 55.1, 126.5, 303.4, 433.5, 975.9, 1850.2, 4046.9, 16233.2, 10, 10, 10, 10, 10, 0, 4, 7, 9, 15, 17, 24, 24, -30, 43, 41, 54;
1, 60, 4, 1, 72, 104, 120, 46, 60, 34, 56, 22, 16, 6, 6, 2, 1, 3, 4, 4, 2, 3, 2, 4, 2, 4, 2, 3, 0, 2, 1, 1, 3, 2, 3, 1, 3, 1, 3, 2, 1, 0, 9.3, 15.2, 20.5, 19.8, 57.9, 61.6, 164.0, 196.8, 464.5, 745.7, 2513.8, 7085.0, 16818.8, 10, 10, 10, 10, 14, 15, 16, 18, 27, 29, 40, 42, 60, 8, 52, 46, 41;
1, 64, 4, 1, 48, 64, 90, 24, 100, 32, 42, 45, 64, 36, 15, 1, 1, 2, 4, 3, 2, 4, 2, 2, 3, 4, 3, 3, 0, 3, 1, 2, 3, 1, 3, 3, 2, 1, 2, 2, 3, 0, 11.9, 15.3, 21.4, 27.4, 43.8, 63.6, 107.3, 154.0, 300.8, 470.5, 1464.8, 5895.7, 24751.0, 10, 10, 10, 10, 11, 11, 13, 17, 23, 31, 43, 57, 64, 2, 60, 49, 62;
-1, 48, 4, 4, 48, 66, 48, 32, 45, 3, 51, 30, 20, 56, 28, 2, 4, 2, 3, 4, 2, 3, 3, 3, 3, 2, 4, 4, 0, 3, 2, 1, 3, 2, 2, 2, 2, 3, 1, 1, 1, 0, 11.3, 14.1, 19.0, 20.7, 56.5, 83.0, 116.4, 294.2, 491.4, 1175.9, 1692.4, 3442.7, 16918.7, 10, 11, 11, 11, 12, 15, 15, 20, 24, 30, 34, 35, 48, -18, 47, 39, 66;
1, 56, 4, 3, 96, 54, 44, 66, 62, 12, 4, 40, 12, 8, 6, 1, 3, 4, 3, 2, 3, 2, 2, 2, 4, 2, 2, 3, 0, 1, 2, 3, 2, 3, 3, 3, 1, 3, 3, 2, 2, 0, 7.8, 13.2, 17.4, 25.9, 37.6, 63.2, 125.3, 295.6, 347.6, 1239.8, 2788.6, 6098.7, 18631.6, 10, 10, 10, 11, 11, 16, 17, 22, 23, 30, 30, 39, 56, 11, 41, 45, 37;
-1, 42, 4, 2, 96, 64, 19, 96, 46, 40, 72, 5, 36, 9, 4, 2, 2, 4, 4, 1, 4, 2, 2, 3, 1, 4, 3, 4, 0, 1, 1, 4, 1, 3, 3, 2, 4, 1, 2, 1, 3, 0, 9.4, 15.0, 16.4, 30.8, 33.2, 66.1, 136.3, 187.4, 300.4, 510.5, 2070.2, 4492.8, 25712.0, 10, 10, 10, 11, 11, 6, 13, 17, 18, 20, 21, 25, 42, -29, 71, 46, 52;
-1, 58, 4, 2, 72, 32, 57, 78, 102, 30, 28, 12, 12, 24, 3, 1, 2, 3, 2, 3, 3, 3, 3, 4, 2, 4, 4, 1, 0, 2, 3, 2, 2, 2, 2, 1, 3, 1, 1, 4, 4, 0, 11.5, 14.5, 19.5, 34.2, 46.5, 93.3, 123.0, 191.5, 430.5, 748.2, 1955.5, 13263.4, 40543.6, 10, 11, 12, 14, 15, 18, 19, 20, 25, 27, 29, 51, 58, -14, 63, 72, 63;
1, 74, 4, 2, 72, 44, 96, 72, 56, 13, 4, 18, 27, 27, 12, 2, 2, 3, 2, 4, 3, 4, 1, 4, 3, 3, 3, 4, 0, 2, 3, 1, 2, 1, 4, 1, 2, 2, 2, 1, 4, 0, 9.7, 13.0, 27.5, 27.2, 58.8, 103.8, 231.5, 220.3, 365.7, 841.3, 1945.9, 4273.9, 39170.6, 10, 11, 13, 15, 16, 16, 22, 22, 30, 40, 45, 57, 74, 23, 36, 51, 43;
1, 64, 4, 3, 72, 124, 27, 24, 36, 12, 24, 15, 24, 8, 3, 1, 3, 3, 4, 1, 4, 3, 1, 4, 3, 3, 2, 3, 0, 2, 1, 4, 1, 2, 4, 1, 2, 2, 3, 2, 4, 0, 9.6, 12.3, 16.3, 39.8, 46.6, 81.8, 185.0, 205.5, 477.7, 779.8, 2599.7, 4057.5, 39212.0, 10, 10, 11, 13, 13, 14, 17, 21, 24, 27, 44, 49, 64, 9, 49, 55, 45;
-1, 45, 4, 3, 72, 21, 38, 22, 42, 30, 12, 4, 32, 9, 8, 2, 3, 3, 1, 2, 2, 3, 3, 2, 1, 4, 3, 4, 0, 2, 4, 3, 3, 2, 2, 3, 4, 1, 2, 1, 2, 0, 9.1, 13.9, 19.4, 33.2, 52.8, 65.6, 95.5, 228.7, 521.0, 615.2, 2569.0, 3797.4, 15341.3, 10, 10, 11, 12, 13, 15, 21, 24, 29, 29, 36, 36, 45, -23, 68, 55, 51;
-1, 47, 4, 2, 96, 160, 48, 104, 48, 13, 24, 22, 42, 39, 10, 1, 2, 4, 4, 4, 4, 3, 1, 2, 2, 3, 3, 2, 0, 1, 1, 1, 1, 2, 4, 3, 3, 2, 2, 3, 3, 0, 10.2, 13.3, 18.8, 21.0, 36.7, 52.1, 116.4, 265.0, 443.7, 923.9, 2104.1, 9923.4, 23310.4, 10, 10, 10, 10, 10, 10, 13, 18, 19, 24, 31, 41, 47, -8, 43, 55, 54;
-1, 43, 4, 3, 72, 88, 36, 46, 30, 18, 24, 20, 20, 8, 1, 1, 3, 3, 4, 2, 2, 3, 1, 4, 4, 4, 4, 1, 0, 2, 1, 3, 3, 2, 4, 1, 1, 1, 1, 4, 4, 0, 9.6, 12.1, 20.0, 41.2, 61.4, 96.0, 234.6, 248.3, 394.2, 692.3, 1210.7, 13221.2, 36015.0, 10, 11, 11, 13, 17, 17, 18, 20, 26, 31, 39, 43, 43, -7, 39, 39, 50;
-1, 49, 4, 4, 48, 44, 84, 84, 24, 80, 17, 40, 10, 24, 8, 1, 4, 2, 2, 3, 3, 2, 4, 1, 4, 1, 4, 4, 0, 3, 3, 2, 2, 3, 1, 4, 1, 4, 1, 1, 2, 0, 9.1, 15.1, 30.9, 35.6, 59.6, 125.4, 145.2, 349.7, 456.2, 1519.6, 1998.4, 4562.7, 21747.0, 10, 12, 6, 12, 12, 12, 18, 28, 32, 37, 37, 40, 49, -1, 49, 50, 34;
-1, 41, 4, 3, 48, 48, 80, 48, 32, 56, 11, 48, 18, 12, 16, 2, 3, 2, 3, 4, 4, 2, 4, 1, 4, 3, 2, 4, 0, 3, 2, 1, 1, 3, 1, 4, 1, 2, 3, 1, 4, 0, 9.5, 15.3, 22.8, 25.3, 40.9, 92.5, 120.0, 240.7, 346.4, 901.3, 2028.2, 3834.8, 34012.3, 10, 11, 12, 12, 14, 14, 16, 18, 18, 22, 26, 28, 41, -18, 59, 42, 50;
1, 62, 4, 3, 48, 66, 20, 32, 30, 16, 36, 40, 10, 8, 8, 2, 3, 2, 3, 1, 4, 2, 4, 3, 4, 1, 4, 2, 0, 3, 2, 4, 1, 3, 1, 2, 1, 4, 1, 3, 1, 0, 9.7, 13.7, 22.0, 41.7, 59.7, 100.5, 155.1, 221.3, 404.8, 1163.6, 1203.8, 7837.4, 16355.5, 10, 11, 12, 14, 14, 15, 18, 20, 27, 33, 41, 42, 62, 5, 57, 43, 51;
1, 55, 4, 1, 72, 81, 105, 75, 42, 13, 64, 21, 12, 24, 12, 2, 1, 3, 3, 3, 3, 3, 1, 4, 3, 2, 4, 3, 0, 2, 2, 2, 2, 2, 4, 1, 2, 3, 1, 2, 2, 0, 9.4, 10.9, 18.8, 31.0, 56.2, 94.4, 173.4, 163.9, 482.8, 1259.8, 2031.2, 6027.0, 20179.3, 10, 11, 13, 5, 6, 6, 11, 11, 17, 28, 32, 41, 55, 5, 45, 44, 50;
-1, 39, 4, 1, 96, 21, 104, 50, 21, 30, 14, 16, 16, 18, 1, 2, 1, 4, 1, 4, 2, 1, 3, 1, 4, 2, 3, 1, 0, 1, 4, 1, 3, 4, 2, 4, 1, 3, 2, 4, 1, 0, 11.0, 15.0, 21.8, 27.6, 60.8, 113.8, 133.6, 352.9, 402.7, 1063.9, 2567.2, 11605.3, 13544.0, 10, 10, 11, 12, 13, 14, 14, 15, 17, 19, 20, 34, 39, -15, 43, 43, 54;
-1, 45, 4, 4, 48, 84, 96, 69, 48, 40, 66, 10, 4, 4, 18, 1, 4, 2, 4, 4, 3, 2, 4, 3, 1, 4, 1, 3, 0, 3, 1, 1, 2, 3, 1, 2, 4, 1, 4, 2, 3, 0, 9.9, 15.3, 21.3, 23.7, 44.8, 86.9, 124.9, 269.2, 505.9, 497.5, 2240.6, 5867.8, 23335.0, 10, 11, 14, 14, 15, 16, 18, 28, 31, 31, 38, 43, 45, -14, 55, 59, 51;
-1, 41, 4, 1, 96, 48, 40, 28, 33, 36, 36, 10, 24, 4, 8, 2, 1, 4, 3, 4, 2, 3, 3, 3, 2, 4, 2, 4, 0, 1, 2, 1, 3, 2, 2, 2, 3, 1, 3, 1, 3, 0, 9.7, 14.2, 17.3, 17.7, 40.5, 80.7, 84.6, 133.8, 394.8, 496.4, 1439.9, 2610.7, 25049.3, 10, 10, 10, 10, 12, 13, 13, 13, 18, 18, 20, 22, 41, -28, 43, 69, 61;
-1, 46, 4, 4, 72, 44, 46, 24, 24, 8, 39, 32, 4, 4, 3, 1, 4, 3, 2, 2, 4, 1, 4, 3, 4, 1, 1, 1, 0, 2, 3, 3, 1, 4, 1, 2, 1, 4, 4, 4, 4, 0, 9.9, 14.5, 20.0, 33.2, 43.1, 104.3, 127.2, 299.0, 464.7, 1480.2, 2727.0, 13080.8, 34383.0, 10, 11, 12, 14, 14, 17, 18, 18, 20, 28, 34, 37, 46, -12, 35, 47, 58;
-1, 40, 4, 1, 96, 93, 104, 64, 68, 1, 42, 7, 6, 6, 10, 1, 1, 4, 3, 4, 4, 4, 1, 3, 1, 3, 1, 2, 0, 1, 2, 1, 1, 1, 4, 2, 4, 2, 4, 3, 1, 0, 7.3, 13.7, 16.9, 27.4, 39.4, 63.4, 153.9, 264.8, 620.4, 747.5, 2411.5, 7509.8, 11481.1, 10, 10, 11, 12, 14, 16, 16, 17, 21, 25, 26, 33, 40, -21, 39, 61, 43;
1, 61, 4, 1, 96, 48, 30, 69, 34, 88, 30, 8, 8, 24, 6, 1, 1, 4, 3, 3, 3, 2, 4, 3, 1, 4, 4, 2, 0, 1, 2, 2, 2, 3, 1, 2, 4, 1, 1, 3, 1, 0, 9.7, 14.5, 21.2, 22.9, 42.0, 100.3, 144.2, 264.8, 537.6, 549.9, 1443.7, 7749.4, 15027.5, 10, 10, 10, 10, 11, 14, 22, 28, 37, 37, 40, 52, 61, 2, 40, 59, 50;
-1, 38, 4, 4, 48, 64, 72, 72, 36, 56, 12, 16, 24, 32, 4, 4, 4, 2, 4, 3, 4, 2, 4, 3, 4, 4, 4, 4, 0, 3, 1, 2, 1, 3, 1, 2, 1, 1, 1, 1, 3, 0, 9.5, 14.8, 16.0, 27.1, 40.5, 59.1, 62.5, 185.4, 229.0, 703.0, 1824.0, 2939.8, 24566.1, 10, 11, 11, 12, 12, 12, 12, 17, 19, 29, 32, 32, 38, -17, 55, 49, 54;
-1, 43, 4, 1, 96, 48, 90, 93, 40, 56, 21, 12, 7, 24, 8, 1, 1, 4, 3, 3, 3, 2, 4, 3, 2, 1, 4, 4, 0, 1, 2, 2, 2, 3, 1, 2, 3, 4, 1, 1, 3, 0, 9.6, 14.5, 21.8, 23.7, 38.0, 81.9, 91.7, 160.7, 463.8, 1073.7, 984.5, 4229.9, 26975.3, 10, 10, 10, 0, 1, 4, 4, 5, 9, 22, 32, 43, 43, -23, 40, 66, 46;
