#======================================================================================
# Kingdomino AI Experiment
#--------------------------------------------------------------------------------------
# 
# Player strategy:   MCE_TR_R
# Opponent strategy: FULL_GREEDY
# 
# Max search time: 10 (s)
# Max playouts: 0
# Runs: 200
# 
# System: Linux 3.20GHz
# Output file: kdom_exp-20170403-000741-rev-44154d3-cpu-3.20GHz/kdom_exp_MCE_TR_R_vs_FULL_GREEDY_T10_P0.m
# 
# Executing: 'java -jar out/kdom-exp.jar MCE_TR_R FULL_GREEDY kdom_exp-20170403-000741-rev-44154d3-cpu-3.20GHz/kdom_exp_MCE_TR_R_vs_FULL_GREEDY_T10_P0.m 10 0'
# Git Revision: 44154d3
#--------------------------------------------------------------------------------------

# win, score, num_players, available_moves(13), available_draft(13), chosen_draft_position(13), playouts_per_second(13), scores(13), score_diff, opponent_scores(3)
kdom_exp_MCE_TR_R_vs_FULL_GREEDY_T10_P0 = [
1, 70, 4, 3, 72, 62, 50, 52, 6, 48, 22, 4, 9, 3, 3, 1, 3, 3, 2, 2, 2, 1, 4, 2, 2, 3, 1, 3, 0, 2, 3, 3, 3, 4, 1, 3, 3, 2, 4, 2, 4, 0, 4103.5, 4524.0, 5059.4, 5595.7, 6500.6, 7523.6, 7746.3, 9534.7, 11240.9, 12809.2, 17872.7, 21101.9, 36780.5, 10, 10, 13, 14, 19, 21, 23, 32, 36, 45, 55, 57, 70, 6, 64, 41, 50;
1, 73, 4, 1, 96, 18, 96, 17, 52, 22, 48, 10, 24, 9, 1, 1, 1, 4, 1, 4, 1, 4, 2, 4, 2, 4, 3, 1, 0, 1, 4, 1, 4, 1, 3, 1, 3, 1, 2, 4, 4, 0, 4165.8, 4443.1, 5172.6, 5397.1, 6294.6, 6697.5, 8115.3, 8885.1, 11698.9, 12758.0, 16351.3, 26347.6, 40460.9, 10, 10, 12, 14, 18, 24, 34, 42, 45, 49, 61, 63, 73, 22, 51, 47, 48;
1, 57, 4, 1, 96, 44, 69, 40, 80, 11, 12, 6, 12, 2, 8, 2, 1, 4, 2, 3, 2, 4, 1, 3, 2, 3, 2, 4, 0, 1, 3, 2, 3, 1, 4, 2, 3, 2, 3, 1, 2, 0, 3988.6, 4312.2, 4969.9, 5470.1, 6279.4, 6686.6, 8491.5, 9301.0, 11291.5, 12580.5, 16741.4, 19007.4, 30140.5, 10, 11, 14, 18, 19, 21, 29, 31, 38, 41, 43, 47, 57, 10, 47, 34, 30;
-1, 68, 4, 1, 96, 18, 96, 26, 24, 22, 36, 15, 16, 4, 1, 2, 1, 4, 1, 4, 1, 3, 2, 4, 3, 4, 2, 1, 0, 1, 4, 1, 4, 2, 3, 1, 2, 1, 3, 4, 1, 0, 4378.9, 4574.5, 5191.2, 5439.1, 6566.0, 6838.8, 7952.2, 8801.3, 11244.1, 12393.9, 17342.5, 25046.7, 26971.1, 10, 10, 13, 13, 18, 18, 23, 23, 31, 33, 45, 62, 68, -1, 69, 65, 56;
-1, 54, 4, 2, 96, 31, 48, 10, 72, 20, 7, 8, 1, 15, 1, 2, 2, 4, 1, 4, 1, 4, 2, 1, 2, 1, 3, 1, 0, 1, 4, 1, 4, 1, 3, 4, 3, 4, 2, 4, 1, 0, 4123.0, 4502.3, 5222.2, 5393.8, 6529.1, 6605.2, 8255.7, 9792.3, 11429.3, 14257.7, 16043.7, 24336.8, 27120.6, 10, 10, 11, 11, 15, 15, 20, 23, 28, 32, 41, 46, 54, -1, 53, 53, 55;
1, 55, 4, 4, 96, 36, 80, 10, 24, 18, 18, 21, 8, 5, 4, 2, 4, 4, 2, 4, 1, 3, 3, 2, 3, 2, 1, 4, 0, 1, 3, 1, 4, 2, 2, 3, 2, 3, 4, 1, 4, 0, 4324.4, 4774.7, 5273.6, 5554.5, 6618.0, 7037.5, 7723.9, 9390.8, 10616.9, 13260.7, 18579.5, 20044.7, 35817.9, 10, 11, 12, 12, 13, 15, 17, 21, 26, 31, 44, 45, 55, 1, 50, 54, 46;
-1, 56, 4, 2, 72, 44, 44, 48, 32, 48, 5, 40, 14, 6, 3, 2, 2, 3, 2, 2, 3, 2, 4, 1, 4, 2, 2, 3, 0, 2, 3, 3, 2, 3, 1, 4, 1, 3, 3, 2, 1, 0, 4173.0, 4721.7, 5268.1, 5841.6, 6210.5, 7511.9, 7999.7, 10177.7, 10459.1, 14123.4, 17603.1, 22904.8, 27491.7, 10, 11, 12, 14, 16, 19, 21, 28, 31, 40, 46, 47, 56, -13, 45, 33, 69;
1, 57, 4, 3, 24, 72, 48, 40, 40, 3, 32, 14, 16, 4, 16, 1, 3, 1, 4, 2, 4, 4, 1, 4, 2, 2, 2, 4, 0, 4, 1, 3, 1, 1, 4, 1, 3, 3, 3, 1, 1, 0, 4258.3, 5044.1, 5066.1, 5928.6, 6158.0, 7108.6, 8617.6, 9105.7, 11399.0, 14182.4, 18343.4, 20955.5, 28354.0, 10, 11, 11, 14, 14, 18, 20, 20, 26, 33, 35, 41, 57, 4, 53, 48, 49;
-1, 55, 4, 2, 72, 18, 24, 28, 30, 7, 4, 24, 5, 8, 9, 1, 2, 3, 1, 2, 2, 3, 1, 4, 3, 1, 2, 3, 0, 2, 4, 3, 3, 2, 4, 1, 2, 4, 3, 2, 2, 0, 4109.3, 4395.5, 5135.4, 5483.6, 5993.0, 6674.6, 8425.2, 8499.4, 10502.4, 13809.1, 16928.0, 20871.3, 29999.3, 10, 10, 11, 12, 13, 18, 27, 27, 31, 34, 38, 40, 55, -17, 46, 58, 72;
1, 57, 4, 2, 96, 22, 88, 19, 69, 51, 39, 10, 16, 4, 4, 2, 2, 4, 1, 4, 1, 3, 3, 3, 2, 4, 1, 4, 0, 1, 4, 1, 4, 2, 2, 2, 3, 1, 4, 1, 4, 0, 4012.5, 4359.7, 4962.4, 5248.7, 5967.0, 6258.7, 7233.8, 8484.0, 11027.2, 11970.5, 18991.2, 20524.6, 38435.1, 10, 11, 13, 15, 18, 18, 23, 27, 40, 46, 53, 53, 57, 3, 54, 50, 48;
1, 62, 4, 1, 96, 81, 32, 96, 19, 48, 52, 24, 24, 3, 12, 1, 1, 4, 3, 2, 4, 1, 4, 4, 2, 3, 1, 3, 0, 1, 2, 3, 1, 4, 1, 1, 3, 2, 4, 2, 4, 0, 4313.1, 4624.2, 5136.8, 5659.8, 6109.5, 7696.6, 7956.9, 9029.2, 12000.1, 14027.2, 20126.1, 23277.0, 38275.8, 10, 10, 13, 15, 16, 22, 26, 37, 50, 58, 62, 62, 62, 8, 49, 54, 46;
1, 54, 4, 3, 96, 18, 72, 36, 16, 22, 24, 4, 12, 12, 4, 2, 3, 4, 1, 4, 3, 2, 2, 4, 2, 3, 4, 2, 0, 1, 4, 1, 2, 3, 3, 1, 3, 2, 1, 3, 1, 0, 4194.6, 4697.8, 5450.2, 5675.5, 6264.6, 7428.0, 8420.7, 9112.5, 12166.3, 13802.4, 16936.3, 24088.3, 27811.9, 10, 11, 13, 13, 14, 16, 21, 24, 26, 27, 33, 41, 54, 8, 46, 37, 45;
1, 69, 4, 2, 96, 22, 18, 20, 15, 72, 24, 4, 4, 6, 2, 2, 2, 4, 1, 1, 2, 1, 4, 3, 1, 2, 3, 1, 0, 1, 4, 4, 3, 4, 1, 2, 4, 3, 2, 4, 1, 0, 4082.0, 4448.1, 5229.0, 5946.4, 6381.4, 7402.6, 7682.1, 9180.0, 12095.2, 13949.2, 16570.3, 24904.2, 26210.6, 10, 11, 13, 14, 16, 23, 23, 34, 41, 48, 56, 64, 69, 15, 44, 54, 45;
-1, 54, 4, 3, 72, 54, 20, 48, 28, 10, 18, 10, 12, 15, 8, 2, 3, 3, 3, 1, 4, 2, 1, 3, 2, 2, 3, 4, 0, 2, 2, 4, 1, 3, 4, 2, 3, 3, 2, 1, 3, 0, 4270.0, 4620.8, 5170.9, 5908.1, 6059.3, 7252.9, 8198.2, 8959.1, 11161.6, 13630.1, 15942.5, 20018.4, 31719.2, 10, 10, 11, 13, 14, 18, 19, 21, 25, 31, 36, 40, 54, -25, 42, 79, 44;
1, 70, 4, 1, 96, 44, 60, 28, 32, 28, 40, 2, 12, 24, 6, 1, 1, 4, 2, 3, 2, 2, 2, 4, 1, 4, 4, 3, 0, 1, 3, 2, 3, 3, 3, 1, 4, 1, 1, 2, 2, 0, 4103.3, 4481.0, 5003.6, 5455.4, 6197.9, 6683.0, 7998.4, 8894.9, 12008.4, 12623.3, 15808.0, 22084.8, 30169.5, 10, 11, 12, 12, 13, 17, 20, 23, 28, 36, 45, 55, 70, 3, 33, 67, 35;
1, 65, 4, 1, 96, 22, 48, 15, 36, 24, 4, 16, 4, 8, 6, 1, 1, 4, 1, 4, 1, 3, 3, 1, 4, 1, 4, 2, 0, 1, 4, 1, 4, 2, 2, 4, 1, 4, 1, 3, 4, 0, 4096.7, 4551.6, 5397.0, 5590.8, 6435.3, 6660.6, 7885.7, 9542.4, 9997.1, 14209.2, 14842.6, 22631.4, 37166.7, 10, 10, 13, 13, 15, 15, 19, 26, 28, 32, 32, 45, 65, 10, 38, 55, 52;
1, 67, 4, 4, 24, 72, 40, 60, 30, 14, 32, 4, 24, 2, 8, 1, 4, 1, 4, 2, 4, 3, 2, 4, 2, 4, 1, 4, 0, 4, 1, 3, 1, 2, 3, 1, 3, 1, 4, 1, 2, 0, 4323.5, 4952.6, 5045.6, 5970.2, 6347.4, 7395.6, 8637.6, 9397.9, 11891.7, 13185.3, 18774.8, 19979.6, 31593.9, 10, 12, 12, 15, 20, 27, 31, 37, 39, 45, 59, 59, 67, 5, 33, 62, 51;
-1, 49, 4, 3, 72, 44, 60, 42, 72, 7, 56, 1, 21, 1, 6, 2, 3, 3, 2, 3, 3, 4, 1, 4, 1, 3, 1, 3, 0, 2, 3, 2, 2, 1, 4, 1, 4, 2, 4, 2, 4, 0, 4004.2, 4459.9, 5103.8, 5437.5, 6056.1, 6789.4, 8450.2, 8919.3, 11443.1, 12986.2, 18223.8, 21038.4, 35377.4, 10, 11, 12, 14, 16, 20, 26, 28, 33, 35, 41, 41, 49, -20, 36, 69, 53;
-1, 59, 4, 2, 96, 36, 96, 22, 30, 32, 18, 8, 3, 8, 6, 2, 2, 4, 2, 4, 1, 3, 4, 3, 2, 1, 4, 2, 0, 1, 3, 1, 4, 2, 1, 2, 3, 4, 1, 3, 4, 0, 4139.3, 4400.0, 4942.3, 5145.3, 6303.8, 6814.2, 7203.8, 9009.5, 10823.3, 13758.4, 14487.3, 22086.9, 36193.4, 10, 10, 11, 11, 13, 13, 15, 20, 26, 29, 37, 44, 59, -5, 64, 30, 58;
-1, 71, 4, 2, 72, 116, 20, 48, 4, 26, 33, 21, 3, 4, 8, 2, 2, 3, 4, 1, 3, 1, 2, 3, 3, 1, 4, 2, 0, 2, 1, 4, 2, 4, 3, 2, 2, 4, 1, 3, 2, 0, 4233.7, 4729.6, 5053.0, 5702.3, 6078.1, 7291.4, 8282.6, 8944.8, 10736.3, 14802.0, 15325.8, 23333.7, 30179.9, 10, 11, 12, 14, 15, 19, 22, 26, 40, 45, 45, 53, 71, -2, 38, 73, 53;
1, 77, 4, 4, 24, 88, 66, 28, 10, 22, 18, 12, 40, 12, 8, 2, 4, 1, 4, 3, 2, 1, 2, 3, 3, 4, 3, 4, 0, 4, 1, 2, 3, 4, 3, 2, 2, 1, 2, 1, 4, 0, 4304.5, 5021.6, 5257.4, 5860.0, 6733.1, 7937.5, 8942.0, 9836.6, 11770.6, 13031.4, 16990.3, 21561.4, 42543.8, 10, 12, 13, 14, 15, 19, 22, 28, 34, 36, 47, 60, 77, 16, 49, 61, 31;
-1, 67, 4, 2, 48, 66, 66, 42, 20, 1, 12, 48, 4, 12, 24, 1, 2, 2, 3, 3, 3, 2, 1, 2, 4, 2, 2, 4, 0, 3, 2, 2, 2, 3, 4, 3, 1, 3, 3, 1, 4, 0, 4153.0, 4666.1, 4980.6, 5644.1, 6208.0, 7267.3, 8518.1, 9462.7, 10251.7, 13895.2, 17856.9, 20884.1, 42365.9, 10, 11, 12, 13, 14, 20, 20, 20, 31, 39, 52, 60, 67, -1, 68, 40, 58;
