#======================================================================================
# Kingdomino AI Experiment
#--------------------------------------------------------------------------------------
# 
# Player strategy:   MCE_TR_R
# Opponent strategy: FULL_GREEDY
# 
# Max search time: 0.5 (s)
# Max playouts: 0
# Runs: 200
# 
# System: Linux 3.20GHz
# Output file: kdom_exp-20170403-000741-rev-44154d3-cpu-3.20GHz/kdom_exp_MCE_TR_R_vs_FULL_GREEDY_T0.5_P0.m
# 
# Executing: 'java -jar out/kdom-exp.jar MCE_TR_R FULL_GREEDY kdom_exp-20170403-000741-rev-44154d3-cpu-3.20GHz/kdom_exp_MCE_TR_R_vs_FULL_GREEDY_T0.5_P0.m 0.5 0'
# Git Revision: 44154d3
#--------------------------------------------------------------------------------------

# win, score, num_players, available_moves(13), available_draft(13), chosen_draft_position(13), playouts_per_second(13), scores(13), score_diff, opponent_scores(3)
kdom_exp_MCE_TR_R_vs_FULL_GREEDY_T0_5_P0 = [
1, 83, 4, 4, 24, 88, 36, 15, 45, 18, 7, 21, 2, 9, 16, 1, 4, 1, 4, 2, 1, 3, 2, 1, 3, 1, 3, 4, 0, 4, 1, 3, 4, 2, 3, 4, 2, 4, 2, 1, 2, 0, 1473.4, 3410.9, 4388.4, 5684.9, 6686.3, 7240.6, 8126.8, 9577.9, 10354.8, 14525.7, 17606.3, 21377.9, 28933.1, 10, 13, 14, 16, 23, 23, 36, 40, 44, 53, 58, 60, 83, 7, 28, 76, 57;
1, 62, 4, 4, 72, 72, 60, 42, 24, 9, 40, 3, 8, 12, 2, 2, 4, 3, 4, 3, 3, 2, 1, 4, 1, 2, 4, 1, 0, 2, 1, 2, 2, 3, 4, 1, 4, 3, 1, 4, 2, 0, 1727.2, 3907.3, 4598.6, 5465.4, 6107.0, 6784.3, 8254.9, 8592.0, 11155.4, 12845.4, 15571.4, 24394.5, 27445.3, 10, 11, 12, 15, 16, 21, 25, 31, 41, 44, 48, 54, 62, 10, 52, 40, 48;
-1, 39, 4, 2, 96, 16, 80, 8, 40, 7, 24, 8, 4, 4, 1, 2, 2, 4, 1, 4, 1, 4, 1, 4, 4, 1, 4, 1, 0, 1, 4, 1, 4, 1, 4, 1, 1, 4, 1, 4, 2, 0, 1987.7, 3768.6, 4413.6, 5266.6, 5981.2, 6447.2, 8352.7, 8430.9, 9979.9, 13744.5, 15012.4, 22709.4, 28775.1, 10, 10, 12, 12, 13, 15, 17, 17, 21, 25, 27, 34, 39, -22, 44, 57, 61;
-1, 57, 4, 3, 72, 54, 20, 8, 24, 6, 10, 2, 16, 5, 1, 2, 3, 3, 2, 2, 1, 4, 1, 2, 1, 4, 1, 1, 0, 2, 3, 3, 4, 1, 4, 3, 4, 1, 4, 4, 2, 0, 1711.9, 3797.2, 4567.4, 5710.7, 6707.1, 6404.4, 8632.6, 9113.6, 11714.3, 12120.5, 18236.9, 23933.8, 28800.7, 10, 10, 11, 12, 13, 15, 20, 29, 36, 36, 46, 52, 57, -7, 64, 57, 64;
1, 82, 4, 4, 24, 72, 16, 34, 64, 12, 48, 21, 27, 10, 4, 1, 4, 1, 4, 1, 2, 4, 1, 4, 3, 3, 2, 2, 0, 4, 1, 4, 3, 1, 4, 1, 2, 2, 3, 3, 4, 0, 1756.9, 4373.7, 4590.3, 5074.0, 5984.0, 6605.0, 8673.6, 9034.8, 11379.4, 13527.1, 17747.0, 24196.6, 36165.4, 10, 13, 13, 20, 27, 29, 35, 39, 49, 61, 66, 71, 82, 33, 40, 49, 48;
1, 65, 4, 4, 48, 108, 22, 18, 84, 11, 24, 33, 4, 20, 2, 1, 4, 2, 4, 1, 1, 4, 1, 3, 3, 1, 4, 1, 0, 3, 1, 4, 4, 1, 4, 2, 2, 4, 1, 4, 1, 0, 1586.7, 3647.7, 4265.7, 5871.7, 6639.3, 6979.6, 8307.2, 8747.0, 10600.6, 13328.6, 14349.9, 22400.0, 25123.1, 10, 11, 12, 17, 18, 19, 27, 35, 40, 49, 50, 57, 65, 4, 43, 61, 50;
-1, 47, 4, 4, 24, 63, 69, 13, 30, 12, 24, 14, 8, 3, 2, 2, 4, 1, 3, 3, 1, 3, 1, 4, 2, 4, 3, 2, 0, 4, 2, 2, 4, 2, 4, 1, 3, 1, 2, 3, 1, 0, 1405.8, 3297.3, 4625.7, 5482.6, 6580.3, 6406.0, 8538.3, 8760.2, 11461.0, 13065.7, 16703.4, 23012.6, 27758.7, 10, 11, 12, 14, 17, 17, 24, 29, 34, 38, 38, 46, 47, -6, 46, 40, 53;
1, 61, 4, 4, 24, 88, 32, 34, 22, 24, 10, 16, 6, 8, 8, 2, 4, 1, 4, 2, 2, 2, 4, 1, 4, 1, 2, 4, 0, 4, 1, 3, 3, 3, 1, 4, 1, 4, 3, 1, 2, 0, 1719.1, 4117.6, 4606.4, 5015.5, 6636.5, 7286.3, 7933.4, 10548.9, 11047.4, 14935.8, 18513.3, 21285.6, 31795.8, 10, 11, 14, 15, 16, 19, 23, 25, 29, 36, 44, 50, 61, 1, 58, 47, 60;
-1, 49, 4, 1, 96, 66, 72, 16, 4, 8, 28, 12, 12, 8, 6, 2, 1, 4, 3, 4, 1, 4, 1, 4, 2, 3, 2, 3, 0, 1, 2, 1, 4, 1, 4, 1, 3, 2, 3, 2, 4, 0, 1918.9, 3571.3, 4252.4, 5339.0, 6522.0, 6791.8, 7924.4, 8680.4, 10789.4, 12289.8, 16883.8, 20737.4, 38891.7, 10, 10, 11, 12, 13, 13, 16, 19, 34, 37, 40, 42, 49, -10, 59, 49, 55;
1, 75, 4, 4, 48, 72, 40, 63, 21, 56, 10, 33, 8, 16, 6, 2, 4, 2, 4, 2, 3, 1, 4, 2, 3, 2, 4, 2, 0, 3, 1, 3, 2, 4, 1, 3, 2, 3, 1, 3, 3, 0, 1456.5, 3278.5, 4508.9, 5742.6, 6104.4, 7590.8, 7893.9, 9492.8, 10535.4, 14319.0, 15976.7, 23499.1, 32693.1, 10, 11, 11, 14, 16, 22, 26, 28, 39, 42, 48, 62, 75, 22, 51, 53, 36;
-1, 57, 4, 2, 48, 72, 48, 24, 32, 4, 18, 7, 8, 2, 4, 1, 2, 2, 4, 3, 2, 4, 1, 3, 1, 2, 1, 2, 0, 3, 1, 2, 3, 1, 4, 2, 4, 3, 4, 3, 4, 0, 2063.7, 4049.7, 4384.6, 5263.9, 6139.0, 6428.2, 7919.0, 8571.0, 11469.4, 12897.1, 18974.0, 23899.6, 36978.8, 10, 11, 11, 12, 13, 15, 19, 23, 33, 40, 45, 47, 57, -13, 70, 45, 59;
-1, 54, 4, 4, 48, 108, 63, 12, 42, 18, 4, 24, 6, 6, 6, 2, 4, 2, 3, 3, 1, 3, 2, 1, 4, 2, 2, 3, 0, 3, 2, 2, 4, 2, 3, 4, 1, 3, 3, 2, 2, 0, 1925.6, 4039.6, 4635.2, 4925.4, 6571.5, 6829.4, 8347.5, 9825.4, 10355.5, 13387.5, 18537.2, 22939.4, 29772.5, 10, 11, 13, 14, 15, 15, 16, 20, 23, 33, 41, 47, 54, -2, 43, 56, 37;
1, 67, 4, 3, 72, 88, 22, 66, 60, 42, 36, 5, 18, 12, 4, 1, 3, 3, 4, 1, 3, 3, 3, 3, 1, 3, 2, 1, 0, 2, 1, 4, 2, 2, 2, 2, 4, 2, 3, 4, 1, 0, 1855.6, 4125.0, 4633.8, 5802.3, 6265.0, 6958.1, 7548.0, 9031.9, 11993.0, 13121.1, 18169.8, 25286.3, 28428.9, 10, 11, 14, 15, 17, 22, 23, 30, 43, 43, 51, 67, 67, 22, 42, 38, 45;
-1, 44, 4, 1, 96, 124, 52, 108, 12, 18, 8, 21, 15, 1, 2, 2, 1, 4, 4, 2, 4, 1, 2, 1, 3, 3, 1, 2, 0, 1, 1, 3, 1, 4, 3, 4, 2, 2, 4, 3, 3, 0, 1985.4, 4074.9, 4351.7, 5665.4, 6175.7, 7599.9, 8162.6, 9901.6, 11015.7, 13035.8, 18563.2, 23279.9, 33151.8, 10, 10, 11, 12, 12, 16, 25, 29, 32, 37, 41, 41, 44, -13, 42, 57, 53;
-1, 54, 4, 1, 96, 18, 96, 28, 12, 30, 9, 33, 6, 6, 2, 2, 1, 4, 1, 4, 2, 1, 3, 1, 3, 1, 3, 2, 0, 1, 4, 1, 3, 4, 2, 4, 2, 4, 2, 3, 2, 0, 1620.9, 3795.6, 4358.6, 5142.1, 5718.6, 6658.4, 7753.0, 9403.8, 10140.7, 14132.6, 16030.3, 21806.5, 29211.8, 10, 10, 11, 11, 12, 14, 21, 29, 31, 37, 39, 41, 54, -13, 61, 50, 67;
-1, 47, 4, 4, 24, 104, 36, 6, 56, 11, 12, 8, 4, 12, 2, 1, 4, 1, 4, 3, 1, 4, 1, 3, 2, 1, 3, 2, 0, 4, 1, 2, 4, 1, 4, 2, 3, 4, 2, 3, 3, 0, 1428.0, 3821.8, 4383.8, 4629.3, 6291.4, 6662.6, 7911.0, 8755.9, 10325.0, 13982.8, 15911.5, 21510.6, 31239.4, 10, 11, 11, 12, 14, 14, 19, 20, 24, 33, 36, 39, 47, -20, 67, 28, 44;
-1, 37, 4, 1, 72, 22, 28, 56, 42, 18, 5, 18, 3, 10, 2, 1, 1, 3, 1, 2, 4, 3, 3, 1, 3, 1, 2, 1, 0, 2, 4, 3, 1, 2, 2, 4, 2, 4, 3, 4, 1, 0, 1953.1, 3934.3, 4571.6, 5725.3, 6005.1, 6806.6, 7683.7, 9529.3, 10368.4, 14003.2, 16703.0, 23815.3, 27255.3, 10, 10, 11, 11, 11, 12, 14, 15, 20, 23, 23, 27, 37, -17, 52, 54, 49;
-1, 46, 4, 3, 72, 72, 36, 18, 40, 11, 8, 12, 8, 3, 6, 2, 3, 3, 4, 3, 1, 4, 1, 2, 3, 2, 1, 2, 0, 2, 1, 2, 4, 1, 4, 3, 2, 3, 4, 3, 1, 0, 2015.3, 3742.8, 4480.9, 5618.2, 6203.2, 6587.7, 8043.3, 9177.0, 10311.1, 13371.0, 17283.0, 21987.7, 24991.1, 10, 10, 10, 11, 17, 17, 25, 25, 26, 30, 34, 41, 46, -7, 42, 44, 53;
-1, 45, 4, 4, 24, 32, 19, 88, 10, 42, 18, 24, 21, 8, 12, 1, 4, 1, 2, 1, 4, 1, 3, 3, 4, 3, 4, 3, 0, 4, 3, 4, 1, 4, 2, 2, 1, 2, 1, 2, 3, 0, 1575.8, 3833.2, 4439.2, 5312.4, 6032.2, 7288.9, 8219.8, 9299.6, 10484.7, 12629.3, 15685.4, 22448.0, 31741.4, 10, 12, 12, 14, 14, 18, 18, 22, 22, 26, 28, 32, 45, -4, 46, 45, 49;
-1, 44, 4, 2, 24, 108, 16, 48, 9, 4, 5, 8, 7, 8, 12, 3, 2, 1, 4, 1, 3, 1, 4, 1, 4, 1, 4, 3, 0, 4, 1, 4, 2, 4, 1, 4, 1, 4, 1, 2, 2, 0, 1625.0, 3674.7, 4157.8, 5359.4, 5799.1, 7130.3, 7439.2, 9464.8, 9820.5, 13875.0, 14803.9, 19833.8, 28115.0, 10, 11, 11, 15, 15, 17, 17, 20, 22, 28, 34, 36, 44, -20, 64, 38, 47;
-1, 42, 4, 4, 24, 104, 16, 120, 42, 24, 3, 20, 3, 12, 3, 2, 4, 1, 4, 1, 4, 2, 4, 1, 2, 1, 3, 1, 0, 4, 1, 4, 1, 3, 1, 4, 3, 4, 2, 4, 2, 0, 1605.7, 4089.9, 4541.4, 5881.1, 6179.5, 7182.5, 8074.5, 10035.0, 11991.6, 14610.2, 16173.7, 25458.9, 29311.4, 10, 12, 12, 18, 18, 20, 20, 26, 29, 31, 31, 35, 42, -6, 48, 36, 39;
-1, 57, 4, 1, 96, 18, 72, 10, 18, 9, 6, 16, 2, 40, 8, 2, 1, 4, 1, 3, 1, 3, 3, 1, 4, 1, 4, 2, 0, 1, 4, 2, 4, 2, 2, 4, 1, 4, 1, 3, 3, 0, 1655.2, 3525.5, 4211.4, 5398.6, 6144.1, 6143.3, 7013.1, 9023.2, 9047.3, 12643.3, 13044.0, 20226.9, 31476.4, 10, 10, 11, 11, 16, 16, 18, 21, 23, 35, 35, 43, 57, -6, 63, 42, 34;
