#======================================================================================
# Kingdomino AI Experiment
#--------------------------------------------------------------------------------------
# 
# Player strategy:   MCE_TR_R
# Opponent strategy: FULL_GREEDY
# 
# Max search time: 8 (s)
# Max playouts: 0
# Runs: 200
# 
# System: Linux 3.20GHz
# Output file: kdom_exp-20170403-000741-rev-44154d3-cpu-3.20GHz/kdom_exp_MCE_TR_R_vs_FULL_GREEDY_T8_P0.m
# 
# Executing: 'java -jar out/kdom-exp.jar MCE_TR_R FULL_GREEDY kdom_exp-20170403-000741-rev-44154d3-cpu-3.20GHz/kdom_exp_MCE_TR_R_vs_FULL_GREEDY_T8_P0.m 8 0'
# Git Revision: 44154d3
#--------------------------------------------------------------------------------------

# win, score, num_players, available_moves(13), available_draft(13), chosen_draft_position(13), playouts_per_second(13), scores(13), score_diff, opponent_scores(3)
kdom_exp_MCE_TR_R_vs_FULL_GREEDY_T8_P0 = [
-1, 57, 4, 1, 96, 44, 112, 20, 12, 11, 18, 24, 3, 1, 3, 3, 1, 4, 2, 4, 2, 1, 1, 3, 4, 1, 1, 3, 0, 1, 3, 1, 3, 4, 4, 2, 1, 4, 4, 2, 3, 0, 4033.2, 4278.1, 4889.6, 5189.9, 6179.0, 7088.1, 7979.3, 8803.9, 9766.9, 14343.9, 18760.4, 21369.4, 35091.7, 10, 10, 11, 11, 13, 14, 18, 24, 31, 38, 43, 43, 57, -32, 89, 48, 34;
-1, 53, 4, 1, 96, 81, 84, 20, 5, 40, 2, 6, 12, 6, 2, 1, 1, 4, 3, 3, 1, 1, 4, 1, 3, 3, 3, 2, 0, 1, 2, 2, 4, 4, 1, 4, 2, 2, 2, 3, 3, 0, 4062.0, 4338.1, 4992.0, 5459.7, 6480.6, 7242.8, 7629.0, 10048.1, 10784.9, 12794.1, 16597.0, 24814.0, 35496.5, 10, 10, 13, 14, 17, 18, 21, 25, 25, 34, 38, 46, 53, -18, 40, 71, 60;
-1, 58, 4, 2, 72, 54, 18, 72, 24, 8, 12, 32, 21, 2, 2, 2, 2, 3, 3, 1, 4, 3, 2, 2, 4, 3, 2, 1, 0, 2, 2, 4, 1, 2, 3, 3, 1, 2, 3, 4, 1, 0, 4132.7, 4611.1, 4960.5, 5702.7, 5969.7, 6682.9, 7984.7, 9361.1, 10073.6, 13174.3, 17940.6, 25750.1, 28165.7, 10, 10, 11, 13, 15, 17, 21, 28, 30, 36, 41, 45, 58, -2, 48, 60, 33;
1, 63, 4, 2, 72, 18, 80, 24, 16, 5, 12, 4, 16, 3, 8, 2, 2, 3, 1, 4, 2, 2, 1, 3, 1, 4, 1, 4, 0, 2, 4, 1, 3, 3, 4, 2, 4, 1, 4, 1, 3, 0, 4360.1, 4888.3, 5510.0, 5646.5, 6665.3, 7566.5, 8964.3, 9492.5, 12536.5, 13172.6, 21050.9, 22705.6, 37965.2, 10, 11, 12, 12, 13, 15, 22, 22, 33, 37, 41, 41, 63, 4, 37, 39, 59;
-1, 65, 4, 2, 48, 66, 44, 28, 20, 12, 18, 40, 18, 12, 2, 2, 2, 2, 3, 2, 2, 2, 3, 3, 4, 3, 3, 1, 0, 3, 2, 3, 3, 3, 2, 2, 1, 2, 2, 4, 2, 0, 4208.1, 4808.3, 5102.4, 5883.0, 6465.9, 7416.0, 8028.3, 9007.0, 10440.2, 13506.1, 16798.3, 26868.8, 31724.9, 10, 11, 12, 13, 14, 18, 23, 32, 38, 47, 53, 60, 65, -7, 72, 49, 32;
-1, 63, 4, 3, 24, 88, 40, 14, 32, 36, 48, 9, 24, 10, 1, 1, 3, 1, 4, 2, 1, 4, 4, 4, 3, 4, 2, 1, 0, 4, 1, 3, 4, 1, 1, 1, 2, 1, 3, 4, 2, 0, 4278.2, 4940.1, 5208.2, 5808.5, 6879.2, 6989.5, 7824.7, 9099.5, 10868.2, 12826.4, 17641.6, 28634.1, 32577.8, 10, 12, 12, 13, 14, 16, 21, 24, 31, 45, 59, 63, 63, -5, 62, 37, 68;
-1, 56, 4, 1, 72, 54, 48, 22, 64, 22, 10, 56, 7, 4, 24, 4, 1, 3, 2, 3, 1, 4, 2, 2, 4, 1, 4, 3, 0, 2, 3, 2, 4, 1, 3, 3, 1, 4, 1, 2, 1, 0, 3943.3, 4354.7, 4932.6, 5325.2, 5950.3, 6102.4, 7562.7, 9023.5, 10020.0, 14782.7, 15496.3, 21657.5, 26789.5, 10, 10, 13, 13, 19, 20, 26, 29, 33, 37, 37, 50, 56, -2, 51, 42, 58;
-1, 66, 4, 4, 24, 116, 12, 18, 22, 24, 3, 16, 4, 12, 1, 2, 4, 1, 4, 1, 3, 2, 3, 1, 4, 1, 3, 1, 0, 4, 1, 4, 2, 3, 2, 4, 1, 4, 2, 4, 4, 0, 4334.7, 4907.8, 5192.7, 6098.7, 6434.2, 7383.7, 8073.9, 11043.4, 11397.2, 15396.7, 17268.6, 27240.3, 41603.2, 10, 11, 11, 12, 12, 18, 22, 25, 31, 33, 42, 52, 66, -3, 25, 55, 69;
-1, 51, 4, 2, 72, 58, 12, 18, 11, 36, 4, 14, 6, 2, 6, 1, 2, 3, 2, 1, 3, 1, 4, 1, 2, 3, 1, 3, 0, 2, 3, 4, 2, 4, 1, 4, 3, 2, 4, 2, 4, 0, 4133.2, 4639.5, 5020.2, 5874.7, 6080.6, 7375.8, 7848.6, 10265.7, 11720.0, 13499.1, 18500.2, 21544.7, 35772.6, 10, 11, 12, 14, 14, 18, 19, 21, 22, 22, 36, 38, 51, -3, 36, 54, 50;
-1, 58, 4, 3, 48, 44, 24, 56, 10, 24, 3, 32, 10, 2, 4, 2, 3, 2, 2, 2, 4, 1, 4, 1, 4, 2, 2, 1, 0, 3, 3, 3, 1, 4, 1, 4, 1, 3, 3, 4, 2, 0, 4233.3, 4842.7, 5318.1, 5817.5, 6125.1, 7558.3, 7877.4, 10120.4, 10789.8, 14764.2, 18785.1, 28253.9, 33464.5, 10, 12, 13, 14, 16, 18, 22, 28, 30, 32, 45, 51, 58, -3, 61, 46, 37;
-1, 57, 4, 1, 96, 18, 96, 6, 20, 12, 26, 4, 14, 6, 4, 1, 1, 4, 1, 4, 1, 2, 2, 2, 2, 2, 3, 2, 0, 1, 4, 1, 4, 3, 3, 3, 3, 3, 2, 3, 4, 0, 4180.0, 4494.4, 5332.8, 5573.2, 6403.4, 7066.1, 8272.2, 9455.8, 11331.4, 14362.2, 17029.4, 23995.1, 39692.8, 10, 10, 12, 12, 14, 18, 24, 26, 33, 37, 45, 50, 57, -8, 46, 39, 65;
1, 70, 4, 4, 48, 66, 44, 20, 24, 72, 8, 12, 12, 3, 8, 1, 4, 2, 3, 2, 2, 2, 4, 2, 2, 2, 1, 4, 0, 3, 2, 3, 3, 3, 1, 3, 3, 3, 4, 1, 3, 0, 4278.1, 4765.0, 5087.6, 5916.2, 6768.6, 7270.4, 7790.8, 10115.5, 12180.2, 14128.3, 19139.6, 21068.9, 35746.5, 10, 11, 12, 13, 15, 17, 24, 29, 37, 45, 54, 56, 70, 10, 60, 49, 45;
1, 71, 4, 2, 96, 44, 22, 24, 36, 3, 16, 15, 16, 6, 3, 2, 2, 4, 2, 1, 4, 3, 1, 2, 3, 4, 2, 1, 0, 1, 3, 4, 1, 2, 4, 3, 2, 1, 3, 4, 3, 0, 4179.3, 4552.4, 5210.3, 6099.1, 6241.1, 6833.1, 8448.5, 9503.7, 10739.3, 12719.3, 17340.8, 25975.5, 35018.0, 10, 11, 12, 13, 13, 19, 23, 28, 28, 40, 50, 61, 71, 8, 40, 49, 63;
1, 68, 4, 2, 72, 66, 66, 14, 56, 34, 39, 13, 40, 32, 2, 2, 2, 3, 3, 3, 1, 4, 2, 3, 1, 4, 4, 2, 0, 2, 2, 2, 4, 1, 3, 2, 4, 1, 1, 3, 1, 0, 4012.3, 4497.3, 4944.5, 5458.8, 6283.4, 6384.6, 7804.9, 8814.2, 11244.1, 12112.7, 14972.5, 22586.0, 26455.3, 10, 11, 12, 15, 19, 21, 25, 28, 39, 43, 47, 57, 68, 2, 66, 44, 35;
-1, 44, 4, 2, 48, 72, 16, 42, 14, 32, 18, 4, 6, 4, 1, 1, 2, 2, 4, 1, 3, 2, 4, 3, 1, 3, 2, 1, 0, 3, 1, 4, 2, 3, 1, 2, 4, 2, 3, 4, 2, 0, 4234.1, 4794.3, 5101.8, 5978.2, 6309.4, 7490.2, 7839.6, 9141.0, 11496.0, 12878.8, 17408.7, 25451.8, 29046.5, 10, 11, 12, 14, 14, 17, 17, 23, 30, 36, 39, 44, 44, -10, 41, 54, 50;
-1, 43, 4, 1, 72, 18, 48, 6, 32, 14, 24, 21, 14, 20, 24, 2, 1, 3, 1, 4, 1, 4, 1, 4, 3, 2, 4, 4, 0, 2, 4, 1, 4, 1, 4, 1, 2, 3, 1, 1, 3, 0, 4218.5, 4636.5, 5090.5, 5262.0, 6436.5, 6640.5, 8186.8, 8549.7, 10471.8, 12936.9, 14880.8, 19975.6, 31917.8, 10, 10, 12, 12, 14, 14, 17, 17, 23, 28, 29, 31, 43, -17, 46, 46, 60;
1, 58, 4, 3, 96, 18, 48, 48, 24, 20, 4, 40, 5, 4, 4, 2, 3, 4, 1, 2, 4, 2, 2, 1, 4, 1, 4, 1, 0, 1, 4, 3, 1, 3, 3, 4, 1, 4, 1, 4, 4, 0, 4307.2, 4680.8, 5276.7, 5798.8, 6188.1, 7224.3, 8447.9, 9825.1, 10242.6, 14763.6, 15652.9, 25170.5, 37185.2, 10, 10, 12, 13, 13, 16, 23, 29, 33, 43, 43, 48, 58, 1, 49, 55, 57;
1, 80, 4, 2, 96, 44, 24, 72, 26, 30, 7, 27, 16, 6, 8, 1, 2, 4, 2, 2, 4, 2, 3, 1, 3, 4, 3, 4, 0, 1, 3, 3, 1, 3, 2, 4, 2, 1, 2, 1, 3, 0, 4199.7, 4556.6, 5318.2, 5676.4, 6034.5, 7039.5, 7788.1, 9782.0, 10727.0, 12443.9, 16061.3, 19342.9, 32640.5, 10, 11, 12, 12, 14, 20, 23, 28, 38, 50, 52, 66, 80, 27, 53, 40, 49;
1, 60, 4, 1, 96, 72, 48, 36, 40, 18, 18, 9, 6, 20, 8, 2, 1, 4, 4, 3, 2, 4, 2, 3, 1, 2, 4, 2, 0, 1, 1, 2, 3, 1, 3, 2, 4, 3, 1, 3, 2, 0, 4164.4, 4402.7, 4850.1, 5764.4, 6428.4, 6792.7, 8382.0, 9498.3, 12696.5, 14281.5, 16350.1, 24289.1, 29895.8, 10, 10, 11, 12, 15, 20, 26, 31, 39, 41, 44, 46, 60, 11, 49, 45, 41;
1, 71, 4, 2, 96, 22, 80, 38, 33, 3, 24, 6, 20, 3, 4, 1, 2, 4, 1, 4, 2, 3, 1, 4, 2, 2, 1, 4, 0, 1, 4, 1, 3, 2, 4, 1, 3, 3, 4, 1, 4, 0, 4169.5, 4679.1, 5293.8, 5613.7, 6217.1, 6887.8, 8417.1, 8724.2, 11375.3, 13801.1, 19045.4, 21063.4, 39464.7, 10, 11, 13, 15, 16, 21, 26, 34, 42, 42, 51, 53, 71, 25, 36, 46, 44;
1, 73, 4, 2, 48, 44, 48, 45, 10, 56, 12, 24, 15, 5, 16, 1, 2, 2, 2, 3, 3, 1, 4, 1, 3, 3, 1, 4, 0, 3, 3, 2, 2, 4, 1, 4, 2, 2, 4, 1, 3, 0, 4078.0, 4549.1, 4953.5, 5405.1, 6069.6, 7273.3, 7502.2, 9701.8, 10375.2, 13009.9, 18394.8, 19533.5, 32270.7, 10, 11, 12, 13, 14, 22, 25, 33, 35, 45, 54, 56, 73, 11, 50, 62, 47;
-1, 58, 4, 1, 48, 72, 16, 72, 12, 40, 39, 12, 12, 3, 6, 1, 1, 2, 4, 1, 4, 1, 4, 3, 1, 2, 1, 3, 0, 3, 1, 4, 1, 4, 1, 2, 4, 3, 4, 2, 2, 0, 4348.2, 4788.7, 5035.2, 5977.9, 6126.4, 7159.8, 7491.7, 8980.7, 11319.9, 12830.1, 18158.8, 21993.6, 31525.0, 10, 10, 11, 15, 15, 18, 20, 24, 30, 31, 38, 41, 58, -19, 44, 77, 69;
