#======================================================================================
# Kingdomino AI Experiment
#--------------------------------------------------------------------------------------
# 
# Player strategy:   MCE_TR_R
# Opponent strategy: FULL_GREEDY
# 
# Max search time: 0.2 (s)
# Max playouts: 0
# Runs: 200
# 
# System: Linux 3.20GHz
# Output file: kdom_exp-20170404-215341-rev-66b041f-cpu-3.20GHz/kdom_exp_MCE_TR_R_vs_FULL_GREEDY_T0.2_P0.m
# 
# Executing: 'java -jar out/kdom-exp.jar MCE_TR_R FULL_GREEDY kdom_exp-20170404-215341-rev-66b041f-cpu-3.20GHz/kdom_exp_MCE_TR_R_vs_FULL_GREEDY_T0.2_P0.m 0.2 0'
# Git Revision: 66b041f
#--------------------------------------------------------------------------------------

# win, score, num_players, available_moves(13), available_draft(13), chosen_draft_position(13), playouts_per_second(13), scores(13), score_diff, opponent_scores(3)
kdom_exp_MCE_TR_R_vs_FULL_GREEDY_T0_2_P0 = [
1, 67, 4, 3, 48, 44, 63, 12, 24, 20, 8, 9, 8, 1, 12, 2, 3, 2, 2, 3, 2, 3, 2, 1, 1, 2, 1, 3, 0, 3, 3, 2, 3, 2, 3, 4, 4, 3, 4, 2, 1, 0, 1122.3, 2746.5, 4173.2, 5263.8, 4909.6, 6457.1, 8039.8, 9568.1, 10976.2, 13594.8, 17111.0, 20321.4, 25265.5, 10, 11, 12, 12, 12, 18, 22, 30, 33, 43, 46, 54, 67, 9, 57, 58, 55;
-1, 43, 4, 1, 72, 124, 32, 42, 24, 8, 40, 5, 10, 8, 15, 1, 1, 3, 4, 2, 3, 2, 1, 4, 1, 2, 4, 3, 0, 2, 1, 3, 2, 3, 4, 1, 4, 3, 1, 2, 1, 0, 1248.5, 2471.5, 2992.3, 4421.4, 5335.7, 6437.2, 7434.8, 8080.4, 10889.7, 12113.1, 13936.4, 19322.1, 24559.3, 10, 10, 11, 11, 11, 11, 12, 12, 16, 22, 26, 30, 43, -23, 66, 57, 49;
1, 62, 4, 4, 24, 72, 90, 34, 15, 32, 5, 16, 15, 3, 16, 1, 4, 1, 4, 3, 2, 1, 2, 1, 4, 3, 1, 4, 0, 4, 1, 2, 3, 4, 3, 4, 1, 2, 4, 1, 4, 0, 1253.4, 3953.4, 4045.0, 4901.1, 5382.3, 7578.4, 8682.0, 10296.8, 11011.5, 12517.1, 17983.7, 19627.8, 35700.9, 10, 12, 12, 4, 8, 14, 15, 24, 24, 36, 39, 42, 62, 6, 47, 56, 48;
1, 40, 4, 4, 24, 54, 46, 96, 12, 33, 2, 3, 2, 8, 3, 2, 4, 1, 3, 2, 4, 2, 3, 1, 3, 1, 2, 1, 0, 4, 2, 3, 1, 3, 2, 4, 2, 4, 3, 4, 4, 0, 623.1, 3015.6, 4467.8, 5198.7, 5117.3, 6617.0, 7523.4, 9172.2, 10564.5, 14667.5, 17357.9, 27385.6, 35842.7, 10, 12, 13, 6, 10, 11, 14, 22, 22, 33, 33, 36, 40, 3, 37, 34, 34;
-1, 41, 4, 1, 96, 120, 12, 20, 12, 9, 42, 2, 4, 14, 4, 2, 1, 4, 3, 1, 2, 3, 3, 3, 1, 4, 2, 2, 0, 1, 2, 4, 3, 2, 2, 2, 4, 1, 3, 3, 3, 0, 1109.4, 2253.6, 3574.3, 4802.3, 5142.2, 5118.3, 7094.3, 8314.9, 11058.7, 11507.4, 14941.2, 20608.8, 29851.9, 10, 10, 10, 12, 16, 18, 22, 26, 28, 28, 34, 38, 41, -15, 36, 48, 56;
-1, 46, 4, 1, 72, 44, 57, 96, 10, 30, 8, 20, 18, 9, 6, 1, 1, 3, 2, 3, 4, 1, 3, 1, 2, 3, 3, 3, 0, 2, 3, 2, 1, 4, 2, 4, 3, 2, 2, 2, 1, 0, 1272.4, 2551.4, 4083.9, 4838.4, 5119.2, 6286.0, 7017.5, 8868.7, 11011.8, 12522.3, 14673.6, 20340.3, 25151.6, 10, 10, 11, 12, 14, 16, 18, 22, 27, 35, 46, 46, 46, -2, 44, 48, 44;
-1, 47, 4, 3, 48, 112, 10, 96, 24, 18, 32, 8, 10, 4, 6, 1, 3, 2, 4, 1, 4, 2, 2, 4, 1, 2, 1, 3, 0, 3, 1, 4, 1, 3, 3, 1, 4, 3, 4, 2, 3, 0, 1148.4, 2457.1, 3784.3, 4664.3, 5539.7, 7063.8, 8553.2, 8627.0, 11096.9, 13265.3, 17104.5, 20723.9, 29143.6, 10, 11, 11, 13, 13, 19, 20, 22, 22, 33, 41, 41, 47, -15, 53, 62, 35;
-1, 49, 4, 2, 48, 63, 42, 14, 16, 6, 24, 4, 16, 4, 2, 2, 2, 2, 3, 3, 1, 4, 1, 4, 1, 4, 1, 2, 0, 3, 2, 2, 4, 1, 4, 1, 4, 1, 4, 3, 3, 0, 1144.0, 3429.7, 4123.3, 5428.4, 4971.5, 6539.1, 7876.7, 8513.8, 11441.1, 12320.6, 17657.4, 22084.2, 28724.3, 10, 11, 13, 14, 17, 17, 20, 22, 30, 30, 36, 38, 49, -14, 56, 34, 63;
1, 62, 4, 2, 96, 32, 42, 9, 72, 12, 24, 8, 12, 5, 8, 1, 2, 4, 2, 3, 1, 4, 1, 4, 1, 3, 1, 4, 0, 1, 3, 2, 4, 1, 4, 1, 4, 2, 4, 1, 4, 0, 963.6, 2433.0, 4117.8, 4849.5, 5119.2, 5682.6, 8176.9, 8588.9, 11602.9, 12337.6, 18446.6, 19885.5, 35634.0, 10, 10, 11, 11, 16, 16, 17, 17, 27, 31, 46, 48, 62, 12, 29, 49, 50;
-1, 52, 4, 2, 72, 36, 16, 30, 24, 18, 10, 10, 10, 6, 3, 1, 2, 3, 2, 1, 3, 3, 3, 2, 2, 2, 3, 1, 0, 2, 3, 4, 2, 2, 2, 3, 3, 3, 2, 4, 2, 0, 1194.0, 3458.1, 3921.2, 5337.6, 4362.0, 6609.9, 7639.2, 8853.3, 10096.8, 11678.3, 14055.6, 23598.2, 27988.2, 10, 11, 12, 14, 14, 14, 17, 21, 27, 31, 34, 40, 52, -20, 72, 33, 59;
-1, 42, 4, 3, 24, 104, 68, 44, 68, 7, 24, 6, 10, 12, 4, 1, 3, 1, 4, 2, 2, 4, 1, 3, 3, 2, 3, 2, 0, 4, 1, 3, 3, 1, 4, 2, 2, 3, 2, 3, 1, 0, 1208.0, 2854.5, 3218.3, 4391.0, 5783.3, 5402.9, 8431.7, 8733.3, 10777.5, 13830.4, 15821.3, 23307.4, 27690.4, 10, 11, 11, 12, 15, 16, 18, 20, 24, 27, 39, 42, 42, -49, 45, 91, 50;
-1, 37, 4, 1, 96, 48, 40, 9, 18, 32, 18, 27, 6, 8, 1, 1, 1, 4, 3, 4, 1, 2, 4, 2, 3, 2, 4, 1, 0, 1, 2, 1, 4, 3, 1, 3, 2, 3, 1, 4, 2, 0, 1110.0, 2576.0, 3973.9, 4111.8, 5502.3, 6589.8, 7701.9, 9539.2, 11173.1, 13680.9, 15900.8, 26355.1, 30646.7, 10, 10, 11, 11, 14, 16, 18, 21, 27, 29, 33, 37, 37, -29, 40, 44, 66;
-1, 51, 4, 1, 48, 54, 20, 45, 32, 7, 10, 16, 12, 1, 16, 1, 1, 2, 3, 2, 3, 4, 1, 2, 2, 3, 1, 4, 0, 3, 2, 3, 2, 1, 4, 3, 3, 2, 4, 1, 4, 0, 709.0, 2501.2, 3978.3, 4318.7, 5097.3, 4768.3, 6863.4, 8681.9, 9675.5, 11917.1, 16583.7, 18224.6, 36221.9, 10, 10, 10, 11, 12, 18, 20, 24, 28, 30, 39, 41, 51, -1, 50, 52, 50;
-1, 49, 4, 3, 48, 64, 22, 72, 12, 28, 4, 27, 2, 6, 2, 2, 3, 2, 4, 1, 4, 2, 2, 1, 3, 1, 3, 2, 0, 3, 1, 4, 1, 3, 3, 4, 2, 4, 2, 3, 1, 0, 1102.5, 2620.9, 3904.0, 5216.3, 5285.8, 6459.1, 7727.5, 9692.8, 11091.2, 14232.2, 16786.9, 24157.4, 25735.3, 10, 11, 11, 14, 14, 16, 19, 24, 26, 33, 34, 42, 49, -22, 55, 71, 57;
-1, 44, 4, 4, 24, 72, 18, 56, 22, 24, 8, 6, 6, 3, 15, 2, 4, 1, 4, 1, 4, 2, 4, 1, 3, 3, 1, 3, 0, 4, 1, 4, 1, 3, 1, 4, 2, 2, 4, 2, 3, 0, 1087.8, 3558.3, 4131.6, 5917.4, 4658.4, 7284.4, 7331.7, 9775.3, 10367.3, 12678.6, 17942.9, 20527.8, 31622.0, 10, 12, 12, 16, 16, 21, 21, 25, 25, 29, 33, 35, 44, -17, 36, 47, 61;
-1, 43, 4, 2, 96, 32, 13, 24, 8, 16, 16, 5, 12, 2, 4, 1, 2, 4, 2, 1, 2, 1, 4, 4, 1, 3, 2, 2, 0, 1, 3, 4, 3, 4, 1, 1, 4, 2, 3, 3, 1, 0, 1184.0, 2173.4, 3492.7, 4403.2, 5350.6, 6451.4, 7585.5, 8826.6, 11523.6, 12810.8, 17223.0, 23853.8, 28622.3, 10, 10, 11, 12, 15, 18, 18, 20, 28, 28, 33, 43, 43, -28, 57, 50, 71;
-1, 44, 4, 4, 72, 54, 136, 10, 16, 12, 3, 22, 2, 8, 5, 2, 4, 3, 2, 4, 1, 2, 2, 3, 2, 2, 4, 1, 0, 2, 3, 1, 4, 3, 3, 2, 3, 3, 1, 4, 3, 0, 1064.1, 3730.0, 3302.1, 4995.7, 5015.2, 6491.4, 8346.7, 9006.6, 11278.0, 13857.1, 15241.6, 25763.5, 34782.6, 10, 10, 13, 15, 17, 21, 26, 26, 30, 34, 34, 41, 44, -12, 56, 38, 50;
1, 82, 4, 3, 48, 66, 28, 96, 40, 32, 24, 7, 12, 8, 16, 2, 3, 2, 3, 2, 4, 2, 2, 3, 1, 3, 2, 4, 0, 3, 2, 3, 1, 3, 3, 2, 4, 2, 3, 1, 3, 0, 1044.5, 2740.1, 3628.4, 5264.8, 5213.5, 6467.1, 7959.0, 8959.4, 11458.8, 12254.1, 16312.9, 18831.0, 33673.0, 10, 11, 12, 14, 16, 18, 23, 24, 28, 34, 41, 70, 82, 26, 43, 56, 54;
-1, 52, 4, 3, 24, 72, 40, 36, 18, 80, 10, 6, 24, 4, 4, 2, 3, 1, 4, 2, 2, 1, 4, 1, 1, 4, 1, 2, 0, 4, 1, 3, 3, 4, 1, 4, 4, 1, 4, 3, 1, 0, 1214.0, 2916.6, 3768.4, 4694.1, 5423.3, 6929.8, 7553.3, 9750.5, 11432.0, 12059.6, 18649.3, 23634.0, 26159.3, 10, 11, 11, 13, 15, 20, 20, 29, 31, 31, 37, 37, 52, -17, 34, 47, 69;
1, 61, 4, 3, 48, 78, 50, 64, 34, 72, 22, 8, 6, 10, 8, 1, 3, 2, 3, 2, 4, 2, 4, 2, 4, 2, 2, 2, 0, 3, 2, 3, 1, 3, 1, 3, 1, 3, 3, 3, 1, 0, 1169.8, 2651.8, 3912.9, 4722.2, 5827.5, 6513.8, 7872.0, 9595.2, 10394.9, 13416.2, 17113.5, 24022.7, 27232.2, 10, 11, 14, 15, 17, 20, 28, 30, 32, 43, 54, 61, 61, 15, 46, 42, 46;
1, 56, 4, 1, 96, 16, 28, 30, 28, 56, 10, 12, 16, 2, 16, 1, 1, 4, 1, 2, 3, 2, 4, 1, 2, 4, 1, 4, 0, 1, 4, 3, 2, 3, 1, 4, 3, 1, 4, 1, 3, 0, 654.1, 3349.4, 4130.7, 4757.5, 4754.9, 5379.6, 6714.4, 9263.6, 10269.7, 11122.2, 17147.6, 17743.8, 27216.5, 10, 10, 11, 12, 12, 18, 21, 27, 28, 32, 37, 41, 56, 4, 51, 47, 52;
-1, 51, 4, 2, 96, 48, 72, 10, 20, 20, 40, 8, 2, 16, 9, 1, 2, 4, 3, 4, 1, 2, 2, 4, 2, 1, 4, 3, 0, 1, 2, 1, 4, 3, 3, 1, 3, 4, 1, 2, 3, 0, 1172.9, 2611.5, 4244.6, 5387.8, 4699.2, 6820.8, 7687.0, 8516.0, 10690.6, 13256.7, 14098.9, 20455.3, 31774.0, 10, 10, 11, 13, 17, 19, 19, 19, 26, 30, 30, 38, 51, -11, 62, 51, 45;
