#======================================================================================
# Kingdomino AI Experiment
#--------------------------------------------------------------------------------------
# 
# Player strategy:   MCE_EG_R
# Opponent strategy: FULL_GREEDY
# 
# Max search time: 10 (s)
# Max playouts: 0
# Runs: 200
# 
# System: Linux 3.20GHz
# Output file: kdom_exp-20170404-215341-rev-66b041f-cpu-3.20GHz/kdom_exp_MCE_EG_R_vs_FULL_GREEDY_T10_P0.m
# 
# Executing: 'java -jar out/kdom-exp.jar MCE_EG_R FULL_GREEDY kdom_exp-20170404-215341-rev-66b041f-cpu-3.20GHz/kdom_exp_MCE_EG_R_vs_FULL_GREEDY_T10_P0.m 10 0'
# Git Revision: 66b041f
#--------------------------------------------------------------------------------------

# win, score, num_players, available_moves(13), available_draft(13), chosen_draft_position(13), playouts_per_second(13), scores(13), score_diff, opponent_scores(3)
kdom_exp_MCE_EG_R_vs_FULL_GREEDY_T10_P0 = [
-1, 47, 4, 1, 96, 104, 30, 16, 54, 32, 4, 24, 15, 8, 16, 2, 1, 4, 4, 3, 4, 3, 4, 1, 4, 3, 2, 4, 0, 1, 1, 2, 1, 2, 1, 4, 1, 2, 3, 1, 1, 0, 68.7, 71.2, 78.7, 126.5, 160.9, 251.9, 319.5, 1101.3, 1055.9, 2261.9, 7756.8, 9225.6, 20724.5, 10, 10, 10, 10, 10, 10, 15, 19, 19, 28, 34, 38, 47, -10, 57, 48, 51;
1, 54, 4, 3, 48, 72, 12, 42, 20, 28, 10, 4, 18, 12, 6, 6, 3, 2, 4, 1, 3, 2, 2, 2, 4, 2, 2, 2, 0, 3, 1, 4, 2, 3, 3, 3, 1, 3, 3, 3, 1, 0, 71.4, 85.4, 99.2, 159.2, 202.0, 346.1, 542.9, 1053.4, 1084.6, 2486.3, 4866.6, 15625.0, 22474.6, 10, 11, 11, 13, 13, 20, 25, 29, 29, 37, 45, 50, 54, 1, 49, 51, 53;
-1, 43, 4, 4, 24, 64, 14, 18, 26, 15, 8, 8, 3, 8, 3, 2, 4, 1, 4, 1, 3, 2, 3, 2, 4, 1, 4, 1, 0, 4, 1, 4, 2, 3, 2, 3, 1, 4, 1, 4, 1, 0, 74.1, 76.6, 89.5, 153.4, 188.2, 317.4, 514.4, 966.4, 1311.3, 4303.0, 4709.4, 21827.9, 24496.8, 10, 12, 12, 16, 17, 20, 20, 22, 26, 32, 32, 34, 43, -25, 46, 68, 45;
1, 57, 4, 4, 24, 64, 15, 36, 6, 8, 8, 8, 6, 2, 6, 1, 4, 1, 4, 1, 2, 3, 1, 2, 2, 3, 1, 3, 0, 4, 1, 4, 3, 2, 4, 3, 3, 2, 4, 2, 2, 0, 72.9, 78.5, 82.0, 167.0, 250.3, 273.3, 503.5, 768.9, 1341.5, 2025.3, 7103.1, 10949.6, 26841.4, 10, 12, 12, 15, 20, 20, 22, 26, 33, 39, 51, 57, 57, 6, 41, 47, 51;
1, 65, 4, 4, 72, 44, 66, 16, 3, 8, 48, 7, 40, 8, 15, 4, 4, 3, 2, 3, 1, 3, 1, 4, 1, 4, 2, 3, 0, 2, 3, 2, 4, 2, 4, 1, 4, 1, 3, 2, 1, 0, 72.0, 73.8, 83.7, 135.1, 201.7, 234.0, 524.6, 606.4, 1738.5, 2117.1, 6518.2, 14294.8, 22628.4, 10, 11, 12, 13, 16, 16, 21, 23, 30, 36, 48, 59, 65, 11, 54, 42, 51;
1, 72, 4, 1, 96, 87, 34, 72, 42, 16, 24, 9, 6, 4, 6, 2, 1, 4, 3, 2, 4, 3, 2, 4, 1, 2, 1, 3, 0, 1, 2, 3, 1, 2, 3, 1, 4, 3, 4, 2, 1, 0, 62.6, 70.7, 79.9, 138.8, 188.0, 248.9, 594.1, 711.2, 1729.7, 3420.3, 10485.9, 15499.0, 22440.2, 10, 10, 11, 13, 16, 16, 24, 24, 25, 38, 53, 61, 72, 7, 65, 52, 49;
1, 55, 4, 2, 48, 78, 54, 78, 88, 11, 36, 36, 48, 4, 16, 1, 2, 2, 3, 2, 3, 4, 1, 3, 3, 4, 2, 4, 0, 3, 2, 3, 2, 1, 4, 2, 2, 1, 3, 1, 1, 0, 67.3, 70.6, 86.1, 160.2, 231.7, 295.0, 630.4, 858.3, 1543.4, 1964.7, 7081.3, 11729.6, 23536.6, 10, 11, 11, 12, 12, 18, 22, 24, 35, 39, 40, 45, 55, 12, 43, 36, 34;
0, 54, 4, 2, 48, 48, 72, 72, 38, 12, 30, 4, 20, 3, 3, 2, 2, 2, 3, 4, 4, 2, 2, 3, 1, 4, 1, 1, 0, 3, 2, 1, 1, 3, 3, 2, 4, 1, 4, 4, 1, 0, 68.4, 74.0, 86.3, 123.6, 202.0, 436.5, 516.9, 920.4, 2186.7, 2787.7, 7120.8, 19399.6, 21250.3, 10, 11, 11, 11, 14, 16, 18, 25, 31, 39, 44, 45, 54, 0, 49, 44, 54;
-1, 48, 4, 3, 48, 104, 52, 54, 12, 8, 12, 24, 4, 12, 4, 2, 3, 2, 4, 2, 2, 1, 4, 2, 3, 2, 4, 2, 0, 3, 1, 3, 3, 4, 1, 3, 2, 3, 1, 3, 1, 0, 68.9, 72.5, 85.9, 112.2, 243.1, 420.6, 490.1, 1006.1, 2267.6, 4644.2, 6869.4, 18542.1, 22979.3, 10, 11, 11, 14, 19, 21, 21, 23, 28, 34, 36, 39, 48, -5, 27, 53, 47;
1, 67, 4, 3, 24, 104, 16, 54, 36, 10, 24, 2, 20, 4, 9, 1, 3, 1, 4, 1, 3, 2, 1, 4, 1, 4, 2, 3, 0, 4, 1, 4, 2, 3, 4, 1, 4, 1, 3, 2, 3, 0, 69.1, 69.9, 84.0, 126.6, 157.8, 297.1, 531.6, 698.9, 1694.0, 2287.4, 6788.7, 13886.1, 32218.4, 10, 11, 11, 13, 17, 23, 27, 27, 30, 33, 42, 44, 67, 12, 33, 52, 55;
1, 55, 4, 1, 72, 48, 38, 24, 24, 42, 6, 24, 7, 3, 12, 3, 1, 3, 3, 2, 2, 2, 3, 1, 4, 1, 3, 3, 0, 2, 2, 3, 3, 3, 2, 4, 1, 4, 2, 2, 2, 0, 71.9, 78.9, 100.0, 151.8, 206.9, 424.0, 564.7, 1231.9, 1445.8, 3513.0, 4595.5, 13216.4, 25820.8, 10, 11, 11, 14, 17, 19, 23, 27, 29, 36, 36, 45, 55, 1, 50, 52, 54;
-1, 63, 4, 2, 96, 144, 33, 24, 48, 26, 40, 10, 6, 4, 16, 2, 2, 4, 4, 1, 2, 2, 2, 4, 2, 1, 2, 4, 0, 1, 1, 4, 3, 3, 3, 1, 3, 4, 3, 1, 4, 0, 73.3, 77.2, 90.9, 149.2, 218.3, 378.7, 628.3, 701.5, 1789.9, 3077.3, 7134.1, 9335.0, 41114.8, 10, 10, 10, 11, 12, 17, 19, 21, 36, 38, 41, 47, 63, -2, 65, 53, 37;
1, 58, 4, 3, 24, 64, 14, 42, 51, 8, 18, 6, 15, 8, 2, 2, 3, 1, 4, 1, 3, 3, 2, 3, 1, 3, 4, 1, 0, 4, 1, 4, 2, 2, 3, 2, 4, 2, 1, 4, 4, 0, 72.6, 82.4, 93.6, 168.8, 226.6, 337.3, 539.0, 836.5, 1984.8, 2819.3, 5922.7, 20418.9, 38454.9, 10, 11, 11, 16, 16, 24, 25, 29, 31, 36, 38, 52, 58, 2, 52, 56, 37;
-1, 51, 4, 4, 24, 88, 50, 72, 14, 15, 36, 8, 24, 2, 12, 1, 4, 1, 4, 2, 4, 1, 1, 4, 2, 4, 1, 4, 0, 4, 1, 3, 1, 4, 4, 1, 3, 1, 4, 1, 3, 0, 70.2, 70.9, 91.4, 143.9, 177.9, 337.4, 741.5, 853.4, 2044.7, 2820.1, 6912.6, 8659.0, 32584.4, 10, 11, 12, 15, 15, 18, 23, 24, 28, 30, 40, 41, 51, -17, 68, 60, 41;
-1, 59, 4, 3, 72, 44, 81, 72, 58, 80, 11, 16, 2, 12, 1, 2, 3, 3, 2, 3, 3, 2, 4, 1, 4, 1, 4, 1, 0, 2, 3, 2, 2, 3, 1, 4, 1, 4, 1, 4, 1, 0, 71.3, 70.6, 87.9, 99.0, 162.7, 279.3, 302.9, 1258.7, 1575.4, 3608.6, 5109.2, 21210.8, 23664.8, 10, 11, 12, 12, 16, 22, 24, 27, 27, 34, 39, 50, 59, -8, 39, 67, 65;
-1, 50, 4, 2, 96, 62, 24, 56, 36, 6, 12, 4, 1, 12, 1, 2, 2, 4, 2, 2, 4, 3, 1, 4, 2, 1, 3, 1, 0, 1, 3, 3, 1, 2, 4, 1, 3, 4, 2, 4, 2, 0, 65.3, 68.6, 82.8, 132.2, 149.8, 230.9, 500.8, 645.5, 1400.6, 4001.8, 5983.1, 19530.6, 26466.3, 10, 10, 11, 12, 14, 16, 21, 21, 30, 43, 50, 50, 50, -14, 58, 64, 59;
1, 57, 4, 3, 48, 48, 72, 36, 40, 24, 10, 24, 12, 8, 8, 1, 3, 2, 3, 4, 3, 2, 4, 2, 4, 3, 4, 4, 0, 3, 2, 1, 2, 3, 1, 3, 1, 2, 1, 1, 4, 0, 65.6, 60.1, 82.3, 99.1, 245.8, 419.0, 454.0, 981.6, 1237.4, 3465.0, 4725.5, 10465.7, 35691.9, 10, 11, 12, 12, 13, 16, 18, 21, 27, 34, 40, 46, 57, 13, 44, 38, 32;
-1, 55, 4, 2, 96, 48, 30, 24, 34, 8, 6, 40, 6, 16, 8, 2, 2, 4, 3, 2, 2, 2, 4, 1, 4, 1, 4, 2, 0, 1, 2, 3, 3, 3, 1, 4, 1, 4, 1, 3, 1, 0, 71.4, 82.5, 89.9, 128.8, 184.7, 387.9, 436.2, 766.4, 873.1, 2957.1, 4265.7, 15903.6, 22762.8, 10, 11, 11, 12, 14, 16, 18, 23, 25, 32, 41, 46, 55, -11, 66, 35, 39;
-1, 57, 4, 4, 72, 42, 54, 48, 8, 21, 8, 24, 6, 24, 6, 2, 4, 3, 2, 3, 4, 1, 3, 1, 4, 3, 4, 2, 0, 2, 3, 2, 1, 4, 2, 4, 1, 2, 1, 3, 1, 0, 70.2, 68.4, 96.7, 167.1, 185.2, 412.7, 504.9, 886.7, 901.2, 2864.0, 5387.2, 15999.2, 23054.7, 10, 11, 12, 12, 12, 17, 17, 28, 28, 35, 42, 50, 57, -3, 54, 45, 60;
-1, 59, 4, 3, 48, 18, 36, 16, 16, 10, 18, 6, 6, 4, 2, 2, 3, 2, 1, 2, 1, 4, 1, 3, 2, 2, 4, 1, 0, 3, 4, 3, 4, 1, 4, 2, 3, 3, 1, 4, 1, 0, 73.2, 71.5, 114.5, 151.1, 275.7, 285.3, 775.1, 913.1, 1359.3, 2951.9, 4206.6, 18384.4, 20690.5, 10, 12, 13, 14, 16, 16, 22, 30, 39, 42, 43, 54, 59, -13, 72, 30, 41;
-1, 54, 4, 3, 48, 84, 20, 96, 48, 36, 14, 24, 4, 6, 12, 1, 3, 2, 3, 2, 4, 4, 2, 2, 3, 1, 3, 4, 0, 3, 2, 3, 1, 1, 3, 3, 2, 4, 2, 1, 3, 0, 69.9, 67.9, 85.0, 139.4, 151.6, 252.1, 453.8, 714.5, 987.3, 2734.7, 5655.0, 7438.6, 31557.1, 10, 11, 13, 14, 16, 18, 25, 26, 27, 38, 43, 45, 54, -19, 73, 66, 59;
-1, 55, 4, 2, 72, 144, 24, 6, 72, 5, 8, 2, 8, 10, 2, 1, 2, 3, 4, 2, 1, 4, 1, 2, 1, 4, 2, 2, 0, 2, 1, 3, 4, 1, 4, 3, 4, 1, 3, 3, 3, 0, 62.3, 65.7, 71.9, 114.5, 176.8, 167.0, 421.3, 893.6, 2022.2, 2068.5, 7059.3, 15439.6, 30549.7, 10, 10, 10, 12, 13, 13, 21, 24, 32, 34, 41, 48, 55, -17, 56, 72, 40;
-1, 43, 4, 4, 24, 104, 36, 9, 13, 32, 24, 8, 12, 8, 1, 1, 4, 1, 4, 3, 1, 1, 4, 3, 2, 2, 4, 1, 0, 4, 1, 2, 4, 4, 1, 2, 3, 3, 1, 4, 1, 0, 71.8, 68.9, 80.5, 112.5, 153.3, 340.3, 363.3, 567.4, 1718.7, 4858.6, 5722.0, 20513.5, 23215.7, 10, 11, 13, 13, 16, 21, 21, 22, 28, 31, 35, 38, 43, -18, 51, 56, 61;
