#======================================================================================
# Kingdomino AI Experiment
#--------------------------------------------------------------------------------------
# 
# Player strategy:   MCE_EG_R
# Opponent strategy: FULL_GREEDY
# 
# Max search time: 0.5 (s)
# Max playouts: 0
# Runs: 200
# 
# System: Linux 3.20GHz
# Output file: kdom_exp-20170404-215341-rev-66b041f-cpu-3.20GHz/kdom_exp_MCE_EG_R_vs_FULL_GREEDY_T0.5_P0.m
# 
# Executing: 'java -jar out/kdom-exp.jar MCE_EG_R FULL_GREEDY kdom_exp-20170404-215341-rev-66b041f-cpu-3.20GHz/kdom_exp_MCE_EG_R_vs_FULL_GREEDY_T0.5_P0.m 0.5 0'
# Git Revision: 66b041f
#--------------------------------------------------------------------------------------

# win, score, num_players, available_moves(13), available_draft(13), chosen_draft_position(13), playouts_per_second(13), scores(13), score_diff, opponent_scores(3)
kdom_exp_MCE_EG_R_vs_FULL_GREEDY_T0_5_P0 = [
1, 70, 4, 3, 72, 88, 60, 16, 52, 10, 24, 3, 15, 9, 16, 2, 3, 3, 4, 3, 1, 4, 1, 3, 3, 3, 3, 4, 0, 2, 1, 2, 4, 1, 4, 2, 2, 2, 2, 1, 1, 0, 39.5, 44.3, 77.4, 127.9, 213.0, 259.3, 652.3, 717.1, 1279.0, 2491.9, 4609.1, 11349.1, 24469.2, 10, 11, 12, 12, 17, 20, 33, 33, 35, 45, 49, 57, 70, 4, 66, 48, 38;
1, 54, 4, 2, 96, 48, 25, 24, 21, 16, 8, 24, 10, 16, 4, 1, 2, 4, 3, 1, 4, 3, 4, 1, 4, 2, 4, 2, 0, 1, 2, 4, 1, 2, 1, 4, 1, 3, 1, 3, 4, 0, 39.2, 64.9, 91.2, 137.4, 200.7, 423.5, 633.8, 1477.6, 1951.8, 3701.0, 4341.5, 17421.3, 35291.5, 10, 10, 10, 16, 16, 18, 18, 24, 27, 30, 30, 45, 54, 10, 44, 40, 35;
1, 79, 4, 3, 96, 48, 56, 80, 51, 80, 5, 42, 20, 5, 16, 2, 3, 4, 3, 4, 4, 3, 4, 1, 3, 2, 1, 4, 0, 1, 2, 1, 1, 2, 1, 4, 2, 3, 4, 1, 4, 0, 39.0, 43.9, 103.5, 115.7, 143.2, 437.3, 597.1, 996.9, 1587.1, 4121.5, 8555.5, 10921.6, 39537.4, 10, 10, 11, 13, 5, 7, 9, 12, 16, 24, 37, 57, 79, 29, 40, 43, 50;
-1, 40, 4, 4, 48, 112, 16, 69, 18, 26, 5, 16, 6, 2, 6, 1, 4, 2, 4, 1, 3, 2, 2, 1, 4, 2, 1, 3, 0, 3, 1, 4, 2, 3, 3, 4, 1, 3, 4, 2, 2, 0, 34.4, 48.7, 75.6, 139.1, 231.5, 401.6, 631.7, 1075.3, 1331.2, 2486.7, 8030.3, 10533.2, 25993.2, 10, 11, 13, 15, 15, 16, 21, 23, 27, 34, 38, 40, 40, -19, 59, 44, 59;
-1, 37, 4, 4, 72, 42, 76, 120, 3, 16, 16, 2, 52, 18, 5, 6, 4, 3, 2, 4, 4, 3, 4, 1, 2, 4, 2, 1, 0, 2, 3, 1, 1, 2, 1, 4, 3, 1, 3, 4, 1, 0, 26.0, 66.2, 81.8, 114.5, 196.6, 287.3, 364.6, 773.2, 1108.4, 1795.0, 4815.7, 19785.5, 23707.2, 10, 11, 12, 14, 6, 6, 8, 13, 13, 21, 29, 33, 37, -47, 43, 64, 84;
-1, 45, 4, 2, 72, 81, 66, 48, 42, 80, 20, 24, 32, 8, 6, 1, 2, 3, 3, 3, 2, 3, 4, 1, 3, 4, 2, 3, 0, 2, 2, 2, 3, 2, 1, 4, 2, 1, 3, 2, 4, 0, 37.4, 56.3, 90.9, 112.8, 260.0, 301.7, 435.9, 1158.2, 1581.7, 2205.0, 5969.1, 11156.9, 38152.9, 10, 11, 12, 14, 16, 18, 20, 28, 30, 33, 36, 37, 45, -10, 55, 44, 44;
-1, 30, 4, 4, 72, 16, 54, 88, 24, 39, 3, 8, 9, 6, 8, 3, 4, 3, 1, 3, 4, 2, 3, 3, 1, 3, 3, 2, 0, 2, 4, 2, 1, 3, 2, 2, 4, 2, 2, 3, 3, 0, 51.9, 57.1, 101.1, 126.6, 201.5, 275.8, 411.9, 584.4, 1323.2, 2433.4, 4066.9, 13131.5, 30702.3, 10, 11, 12, 12, 12, 14, 19, 19, 22, 23, 25, 29, 30, -42, 72, 67, 50;
-1, 30, 4, 2, 96, 144, 30, 7, 56, 38, 42, 51, 1, 32, 1, 1, 2, 4, 4, 3, 1, 4, 2, 3, 3, 1, 4, 1, 0, 1, 1, 2, 4, 1, 3, 2, 2, 4, 1, 4, 1, 0, 45.4, 59.8, 70.3, 102.8, 199.3, 211.5, 493.9, 757.4, 1515.8, 4639.9, 5810.6, 20417.1, 23847.7, 10, 10, 10, 11, 13, 13, 18, 15, 18, 20, 22, 30, 30, -28, 57, 38, 58;
1, 66, 4, 2, 72, 16, 14, 38, 28, 30, 32, 14, 12, 3, 4, 2, 2, 3, 1, 1, 2, 2, 3, 4, 2, 3, 1, 2, 0, 2, 4, 4, 3, 3, 2, 1, 3, 2, 4, 3, 1, 0, 43.5, 64.4, 88.8, 116.6, 289.1, 402.7, 602.4, 901.1, 1878.5, 2853.5, 7403.0, 15575.0, 20959.8, 10, 11, 12, 14, 16, 25, 31, 33, 34, 40, 57, 59, 66, 12, 45, 48, 54;
-1, 52, 4, 4, 72, 64, 19, 45, 36, 34, 6, 6, 12, 16, 4, 2, 4, 3, 4, 1, 3, 3, 2, 1, 2, 2, 4, 2, 0, 2, 1, 4, 2, 2, 3, 4, 3, 3, 1, 3, 3, 0, 41.5, 62.7, 55.7, 113.1, 203.4, 252.5, 471.9, 1003.1, 1415.2, 2486.9, 3481.0, 16298.3, 29725.4, 10, 10, 10, 12, 12, 16, 20, 22, 23, 27, 33, 41, 52, -20, 68, 72, 34;
-1, 53, 4, 3, 72, 21, 104, 22, 75, 8, 28, 5, 18, 4, 8, 1, 3, 3, 1, 4, 1, 3, 4, 2, 1, 3, 1, 4, 0, 2, 4, 1, 4, 2, 1, 3, 4, 2, 4, 1, 2, 0, 37.3, 56.0, 90.1, 116.7, 241.5, 298.2, 418.7, 1079.7, 2145.8, 3749.7, 7097.6, 8474.6, 23325.1, 10, 11, 13, 13, 15, 15, 17, 20, 22, 22, 29, 29, 53, -19, 72, 46, 50;
1, 90, 4, 2, 72, 54, 50, 63, 48, 5, 56, 21, 16, 16, 4, 2, 2, 3, 2, 2, 3, 3, 1, 4, 3, 4, 4, 4, 0, 2, 3, 3, 2, 2, 4, 1, 2, 1, 1, 1, 3, 0, 39.2, 47.8, 67.8, 97.3, 164.0, 211.9, 555.9, 675.5, 1453.5, 2235.1, 3630.6, 6591.9, 30303.8, 10, 10, 11, 14, 15, 20, 22, 34, 45, 62, 72, 72, 90, 34, 43, 56, 47;
-1, 43, 4, 2, 96, 108, 46, 24, 57, 16, 5, 18, 12, 3, 9, 1, 2, 4, 4, 2, 1, 3, 4, 1, 3, 3, 3, 3, 0, 1, 1, 3, 4, 2, 1, 4, 2, 2, 2, 2, 4, 0, 35.6, 48.6, 75.5, 124.0, 240.3, 306.5, 367.7, 1185.1, 1869.1, 3281.2, 7089.0, 12766.0, 34691.4, 10, 10, 11, 13, 19, 20, 20, 23, 23, 29, 29, 34, 43, -9, 47, 47, 52;
-1, 66, 4, 4, 48, 66, 14, 9, 40, 15, 9, 6, 24, 16, 3, 2, 4, 2, 3, 1, 1, 4, 1, 1, 1, 4, 4, 1, 0, 3, 2, 4, 4, 1, 4, 4, 4, 1, 1, 4, 1, 0, 31.3, 65.7, 76.5, 117.9, 199.2, 241.7, 508.9, 779.7, 1871.9, 2376.3, 3635.0, 18800.8, 20413.6, 10, 11, 11, 14, 21, 21, 22, 37, 51, 51, 51, 59, 66, -11, 77, 60, 65;
-1, 53, 4, 2, 24, 72, 12, 56, 48, 36, 4, 18, 8, 4, 3, 2, 2, 1, 4, 1, 4, 3, 3, 1, 3, 2, 4, 3, 0, 4, 1, 4, 1, 2, 2, 4, 2, 3, 1, 2, 3, 0, 23.8, 50.4, 65.5, 133.9, 174.5, 253.0, 519.8, 1277.9, 1541.5, 3865.9, 3699.9, 10767.2, 31564.4, 10, 11, 11, 13, 13, 19, 21, 30, 36, 39, 39, 42, 53, -12, 39, 62, 65;
1, 82, 4, 2, 96, 32, 57, 128, 62, 32, 22, 48, 15, 10, 4, 1, 2, 4, 2, 3, 4, 2, 2, 2, 4, 3, 2, 2, 0, 1, 3, 2, 1, 3, 3, 3, 1, 2, 3, 3, 3, 0, 43.2, 77.8, 97.6, 118.1, 147.9, 285.4, 455.3, 979.4, 1037.3, 2249.5, 5548.3, 15056.2, 29528.6, 10, 10, 11, 12, 12, 13, 16, 22, 42, 44, 58, 59, 82, 20, 56, 59, 62;
1, 61, 4, 4, 24, 88, 120, 42, 88, 30, 20, 32, 4, 8, 6, 1, 4, 1, 4, 4, 2, 4, 2, 2, 4, 2, 4, 3, 0, 4, 1, 1, 3, 1, 3, 3, 1, 3, 1, 2, 1, 0, 29.0, 46.4, 69.8, 84.0, 179.9, 202.4, 407.8, 573.7, 797.7, 3160.9, 4664.9, 13787.4, 23511.6, 10, 11, 13, 13, 17, 25, 26, 36, 40, 44, 48, 61, 61, 5, 51, 32, 56;
-1, 35, 4, 1, 72, 18, 80, 72, 48, 45, 48, 20, 4, 9, 8, 3, 1, 3, 1, 4, 3, 4, 3, 4, 2, 4, 1, 4, 0, 2, 4, 1, 2, 1, 2, 1, 3, 1, 4, 1, 2, 0, 41.4, 54.9, 67.2, 87.6, 183.1, 209.7, 425.7, 600.8, 1709.7, 1960.3, 5841.0, 7167.4, 24481.8, 10, 10, 10, 10, 10, 10, 13, 13, 17, 17, 26, 28, 35, -36, 71, 61, 32;
-1, 57, 4, 3, 72, 72, 66, 20, 54, 18, 27, 18, 40, 6, 16, 1, 3, 3, 4, 2, 1, 3, 2, 3, 2, 4, 1, 4, 0, 2, 1, 3, 4, 2, 3, 2, 3, 1, 4, 1, 3, 0, 39.5, 59.9, 76.4, 115.5, 215.6, 239.9, 477.7, 1091.7, 1858.5, 2020.6, 7379.6, 8863.4, 30200.4, 10, 11, 11, 14, 18, 19, 24, 25, 32, 34, 41, 43, 57, -10, 67, 35, 52;
1, 52, 4, 3, 72, 88, 72, 136, 26, 16, 18, 24, 15, 8, 4, 1, 3, 3, 4, 3, 4, 1, 4, 2, 3, 3, 4, 4, 0, 2, 1, 2, 1, 4, 1, 3, 2, 2, 1, 1, 4, 0, 39.7, 55.8, 78.4, 113.4, 190.5, 487.8, 548.0, 1075.4, 1333.1, 2327.6, 5193.4, 13274.2, 39311.2, 10, 11, 12, 13, 15, 20, 20, 27, 27, 36, 48, 52, 52, 7, 42, 45, 44;
-1, 46, 4, 4, 72, 48, 66, 63, 136, 19, 4, 6, 9, 15, 16, 1, 4, 3, 3, 3, 3, 4, 1, 4, 2, 1, 3, 4, 0, 2, 2, 2, 2, 1, 4, 1, 3, 4, 2, 1, 2, 0, 50.8, 55.7, 90.5, 122.6, 207.6, 281.4, 526.1, 627.5, 1620.3, 3325.1, 5742.8, 9849.4, 24520.7, 10, 11, 11, 4, 5, 7, 9, 9, 13, 21, 25, 31, 46, -8, 50, 49, 54;
1, 58, 4, 4, 72, 78, 48, 12, 32, 32, 4, 3, 8, 10, 16, 1, 4, 3, 3, 4, 2, 2, 4, 1, 1, 4, 2, 4, 0, 2, 2, 1, 3, 3, 1, 4, 4, 1, 3, 1, 2, 0, 47.1, 47.2, 84.9, 79.2, 230.4, 321.5, 511.1, 873.0, 1657.0, 1893.7, 6902.5, 10754.3, 26076.7, 10, 11, 11, 11, 13, 14, 18, 22, 28, 30, 39, 43, 58, 3, 55, 40, 46;
-1, 46, 4, 1, 72, 42, 58, 88, 18, 16, 8, 40, 3, 1, 3, 2, 1, 3, 2, 2, 4, 1, 4, 2, 4, 1, 1, 3, 0, 2, 3, 3, 1, 4, 1, 3, 1, 4, 4, 2, 1, 0, 29.8, 45.5, 80.0, 124.0, 125.8, 337.8, 381.2, 893.8, 1068.3, 2462.9, 8117.4, 12248.7, 21764.9, 10, 10, 11, 3, 3, 12, 12, 18, 22, 32, 38, 38, 46, -5, 49, 51, 48;
