#======================================================================================
# Kingdomino AI Experiment
#--------------------------------------------------------------------------------------
# 
# Player strategy:   MCE_FG_R
# Opponent strategy: FULL_GREEDY
# 
# Max search time: 0.2 (s)
# Max playouts: 0
# Runs: 200
# 
# System: Linux 3.20GHz
# Output file: kdom_exp-20170404-215341-rev-66b041f-cpu-3.20GHz/kdom_exp_MCE_FG_R_vs_FULL_GREEDY_T0.2_P0.m
# 
# Executing: 'java -jar out/kdom-exp.jar MCE_FG_R FULL_GREEDY kdom_exp-20170404-215341-rev-66b041f-cpu-3.20GHz/kdom_exp_MCE_FG_R_vs_FULL_GREEDY_T0.2_P0.m 0.2 0'
# Git Revision: 66b041f
#--------------------------------------------------------------------------------------

# win, score, num_players, available_moves(13), available_draft(13), chosen_draft_position(13), playouts_per_second(13), scores(13), score_diff, opponent_scores(3)
kdom_exp_MCE_FG_R_vs_FULL_GREEDY_T0_2_P0 = [
-1, 41, 4, 1, 96, 144, 176, 8, 16, 75, 57, 4, 18, 2, 14, 6, 1, 4, 4, 4, 2, 4, 3, 3, 4, 2, 2, 2, 0, 1, 1, 1, 3, 1, 2, 2, 1, 3, 3, 3, 1, 0, 4.9, 9.9, 9.9, 19.7, 39.4, 52.6, 91.5, 181.1, 252.0, 1034.7, 1773.9, 9622.9, 15824.0, 10, 10, 10, 10, 12, 12, 19, 28, 28, 34, 34, 37, 41, -22, 63, 49, 52;
-1, 52, 4, 3, 96, 54, 64, 75, 38, 18, 54, 14, 6, 24, 3, 2, 3, 4, 2, 4, 3, 2, 2, 3, 2, 3, 4, 3, 0, 1, 3, 1, 2, 3, 3, 2, 3, 2, 1, 2, 4, 0, 6.8, 13.9, 17.0, 20.8, 35.8, 53.8, 130.6, 167.7, 599.1, 1004.4, 1466.2, 7307.6, 38578.0, 10, 10, 13, 13, 14, 15, 20, 22, 29, 31, 41, 41, 52, -2, 49, 54, 37;
-1, 34, 4, 1, 72, 27, 87, 30, 30, 128, 36, 33, 21, 8, 2, 1, 1, 3, 1, 3, 2, 1, 4, 4, 3, 3, 2, 2, 0, 2, 4, 2, 3, 4, 1, 1, 2, 2, 3, 3, 1, 0, 4.7, 9.8, 18.4, 26.2, 59.9, 98.1, 92.3, 197.7, 478.5, 859.4, 2745.8, 6654.6, 14238.9, 10, 10, 11, 12, 14, 18, 18, 19, 24, 31, 34, 34, 34, -24, 56, 42, 58;
0, 52, 4, 3, 48, 104, 18, 16, 4, 19, 24, 10, 28, 24, 4, 2, 3, 2, 4, 1, 4, 4, 1, 4, 1, 2, 3, 1, 0, 3, 1, 4, 1, 1, 4, 1, 4, 3, 2, 4, 4, 0, 4.9, 13.5, 13.5, 34.1, 41.4, 68.2, 143.2, 127.9, 583.9, 1248.6, 2362.8, 12911.9, 39310.7, 10, 11, 11, 13, 13, 13, 16, 17, 23, 27, 33, 49, 52, 0, 36, 31, 52;
-1, 48, 4, 1, 96, 81, 40, 84, 30, 112, 34, 8, 12, 16, 12, 2, 1, 4, 3, 4, 3, 3, 4, 2, 4, 2, 4, 3, 0, 1, 2, 1, 2, 2, 1, 3, 1, 3, 1, 2, 1, 0, 7.4, 11.7, 23.8, 24.8, 36.9, 69.1, 102.2, 184.0, 269.8, 839.0, 1122.0, 3858.7, 11188.9, 10, 10, 11, 11, 11, 15, 15, 15, 15, 24, 28, 39, 48, -10, 58, 45, 41;
-1, 39, 4, 2, 72, 36, 72, 19, 22, 40, 14, 32, 24, 14, 6, 2, 2, 3, 2, 4, 1, 2, 4, 2, 4, 4, 2, 2, 0, 2, 3, 1, 4, 3, 1, 3, 1, 1, 3, 3, 3, 0, 4.3, 12.4, 18.7, 25.9, 42.2, 96.9, 114.6, 328.6, 404.0, 832.5, 2398.6, 8022.3, 23768.5, 10, 10, 12, 12, 13, 15, 15, 17, 17, 17, 26, 30, 39, -24, 53, 58, 63;
-1, 31, 4, 2, 72, 112, 90, 15, 56, 24, 40, 24, 6, 1, 4, 1, 2, 3, 4, 3, 1, 4, 2, 4, 4, 2, 1, 4, 0, 2, 1, 2, 4, 1, 3, 1, 1, 3, 4, 1, 3, 0, 7.5, 14.5, 13.4, 24.4, 34.9, 52.0, 107.6, 148.1, 318.4, 974.8, 2444.2, 3303.5, 20512.4, 10, 10, 0, 4, 5, 5, 11, 15, 15, 16, 21, 21, 31, -27, 58, 48, 55;
-1, 67, 4, 1, 96, 32, 81, 63, 42, 42, 36, 56, 24, 32, 18, 1, 1, 4, 2, 3, 3, 2, 2, 3, 4, 3, 4, 3, 0, 1, 3, 2, 2, 3, 3, 2, 1, 2, 1, 2, 3, 0, 7.1, 12.7, 16.7, 21.5, 39.2, 93.3, 159.4, 249.7, 377.0, 743.0, 1360.4, 5644.8, 19613.1, 10, 10, 11, 14, 15, 16, 19, 22, 23, 25, 38, 46, 67, -1, 68, 54, 68;
1, 67, 4, 2, 96, 63, 28, 96, 40, 24, 21, 9, 8, 4, 16, 4, 2, 4, 3, 2, 4, 2, 3, 3, 3, 4, 4, 4, 0, 1, 2, 3, 1, 3, 2, 2, 2, 1, 1, 1, 3, 0, 4.9, 14.0, 12.4, 32.1, 33.1, 97.5, 163.5, 284.9, 517.7, 743.4, 1469.1, 4619.1, 21920.6, 10, 11, 12, 14, 16, 19, 24, 31, 33, 60, 60, 62, 67, 28, 39, 39, 38;
-1, 38, 4, 1, 96, 48, 16, 56, 38, 36, 45, 30, 8, 2, 16, 2, 1, 4, 3, 2, 4, 2, 4, 3, 3, 1, 2, 4, 0, 1, 2, 3, 1, 3, 1, 2, 2, 4, 3, 1, 2, 0, 7.7, 14.1, 15.5, 28.0, 36.1, 74.6, 81.7, 171.3, 268.6, 777.4, 2592.2, 3713.3, 17003.7, 10, 10, 10, 11, 13, 16, 17, 23, 24, 30, 30, 34, 38, -43, 60, 81, 48;
-1, 40, 4, 1, 96, 64, 76, 28, 120, 21, 40, 30, 16, 15, 3, 2, 1, 4, 4, 4, 1, 4, 1, 4, 2, 4, 3, 3, 0, 1, 1, 1, 4, 1, 4, 1, 3, 1, 2, 2, 2, 0, 7.2, 12.2, 10.0, 20.0, 34.2, 52.6, 119.3, 154.7, 553.5, 640.0, 1400.2, 5592.5, 17840.4, 10, 10, 10, 11, 14, 15, 18, 20, 22, 24, 25, 26, 40, -30, 53, 70, 70;
-1, 30, 4, 1, 96, 54, 56, 40, 96, 18, 6, 8, 12, 2, 3, 1, 1, 4, 2, 4, 2, 4, 1, 2, 4, 3, 1, 3, 0, 1, 3, 1, 3, 1, 4, 3, 1, 2, 4, 2, 4, 0, 7.6, 15.7, 19.9, 20.6, 34.9, 44.7, 141.2, 185.0, 263.4, 554.0, 2283.6, 4703.2, 34390.7, 10, 10, 13, 13, 16, 16, 21, 22, 22, 24, 30, 30, 30, -20, 44, 36, 50;
-1, 52, 4, 2, 96, 104, 36, 128, 99, 68, 56, 20, 8, 16, 4, 1, 2, 4, 4, 2, 4, 3, 4, 4, 2, 1, 4, 2, 0, 1, 1, 3, 1, 2, 1, 1, 3, 4, 1, 3, 1, 0, 4.6, 13.7, 14.9, 39.5, 26.8, 68.3, 99.1, 154.2, 436.6, 1807.5, 2503.4, 8559.7, 16649.7, 10, 11, 11, 13, 13, 18, 19, 21, 23, 46, 48, 52, 52, -4, 54, 56, 49;
-1, 40, 4, 3, 72, 66, 112, 38, 100, 40, 52, 39, 24, 6, 9, 1, 3, 3, 3, 4, 2, 4, 2, 4, 3, 3, 2, 3, 0, 2, 2, 1, 3, 1, 3, 1, 2, 2, 3, 2, 1, 0, 7.4, 13.0, 19.4, 22.0, 36.7, 52.9, 113.0, 265.9, 659.3, 1063.3, 2278.7, 3510.5, 13004.5, 10, 10, 10, 10, 11, 12, 13, 18, 20, 20, 22, 26, 40, -8, 42, 44, 48;
1, 66, 4, 2, 72, 84, 30, 12, 45, 54, 42, 15, 24, 5, 1, 1, 2, 3, 3, 2, 3, 3, 3, 3, 3, 4, 1, 1, 0, 2, 2, 3, 2, 2, 2, 2, 2, 1, 4, 4, 2, 0, 4.9, 11.6, 13.1, 35.6, 35.9, 77.9, 149.1, 193.1, 367.0, 683.0, 2608.7, 9881.3, 13363.4, 10, 11, 13, 17, 18, 23, 20, 26, 37, 45, 60, 66, 66, 8, 45, 58, 52;
-1, 34, 4, 3, 72, 104, 48, 112, 13, 16, 8, 6, 20, 6, 2, 1, 3, 3, 4, 3, 4, 1, 4, 2, 1, 4, 3, 1, 0, 2, 1, 2, 1, 4, 1, 3, 4, 1, 2, 4, 4, 0, 7.6, 13.9, 17.5, 27.6, 26.2, 63.9, 81.9, 179.8, 284.3, 339.8, 1747.6, 12127.8, 36799.7, 10, 12, 16, 16, 16, 19, 19, 20, 25, 25, 28, 34, 34, -18, 48, 46, 52;
-1, 38, 4, 3, 96, 32, 80, 69, 75, 18, 36, 6, 8, 3, 4, 4, 3, 4, 2, 4, 3, 3, 2, 4, 1, 4, 1, 4, 0, 1, 3, 1, 2, 2, 3, 1, 4, 1, 4, 1, 2, 0, 4.6, 16.1, 17.4, 25.1, 42.6, 57.3, 149.3, 186.8, 583.0, 637.6, 2669.9, 3369.8, 16258.6, 10, 11, 13, 15, 16, 16, 18, 22, 24, 24, 30, 30, 38, -24, 43, 62, 57;
-1, 42, 4, 3, 96, 54, 80, 69, 56, 45, 48, 20, 32, 16, 9, 1, 3, 4, 3, 4, 3, 4, 3, 3, 2, 4, 4, 3, 0, 1, 2, 1, 2, 1, 2, 2, 3, 1, 1, 2, 4, 0, 5.0, 9.8, 13.4, 20.0, 32.4, 49.4, 96.0, 153.8, 484.7, 478.5, 1111.8, 4946.8, 38879.5, 10, 11, 11, 12, 12, 12, 15, 15, 21, 21, 27, 33, 42, -12, 42, 53, 54;
-1, 53, 4, 4, 24, 112, 80, 23, 12, 15, 12, 48, 3, 6, 2, 1, 4, 1, 4, 4, 1, 3, 3, 3, 4, 1, 3, 2, 0, 4, 1, 1, 4, 2, 2, 2, 1, 4, 2, 3, 1, 0, 4.5, 9.6, 12.2, 27.1, 37.3, 64.2, 90.5, 166.3, 244.1, 1774.3, 3072.0, 8089.3, 14983.4, 10, 12, 16, 16, 26, 26, 28, 32, 40, 43, 45, 53, 53, -6, 57, 59, 46;
-1, 40, 4, 1, 96, 48, 27, 40, 12, 33, 12, 4, 32, 14, 18, 2, 1, 4, 3, 1, 4, 1, 3, 1, 4, 4, 2, 3, 0, 1, 2, 4, 1, 4, 2, 4, 1, 1, 3, 2, 3, 0, 8.1, 14.4, 13.5, 43.8, 46.1, 140.0, 177.4, 396.3, 422.5, 706.3, 3132.4, 5984.4, 27343.0, 10, 10, 10, 11, 11, 13, 13, 21, 21, 25, 32, 34, 40, -23, 38, 63, 46;
1, 45, 4, 3, 96, 54, 25, 40, 4, 48, 28, 16, 2, 8, 8, 1, 3, 4, 3, 1, 4, 1, 4, 2, 2, 1, 4, 2, 0, 1, 2, 4, 1, 4, 1, 3, 3, 4, 1, 3, 3, 0, 4.7, 13.3, 16.8, 25.5, 25.8, 89.4, 116.1, 296.0, 453.2, 1319.3, 1496.1, 8970.9, 24867.4, 10, 10, 11, 13, 13, 17, 17, 18, 23, 27, 27, 29, 45, 1, 42, 44, 35;
1, 77, 4, 4, 72, 124, 102, 51, 88, 30, 39, 27, 32, 12, 6, 2, 4, 3, 4, 3, 3, 4, 2, 3, 3, 4, 3, 2, 0, 2, 1, 2, 2, 1, 3, 2, 2, 1, 2, 3, 1, 0, 4.1, 11.5, 12.4, 26.9, 41.5, 56.1, 94.7, 205.2, 346.6, 380.6, 2071.3, 8387.1, 12822.6, 10, 10, 10, 13, 14, 14, 18, 20, 21, 31, 35, 46, 77, 25, 50, 51, 52;
0, 52, 4, 1, 96, 104, 38, 88, 16, 24, 32, 32, 32, 10, 16, 2, 1, 4, 4, 2, 4, 4, 2, 4, 2, 4, 2, 4, 0, 1, 1, 3, 1, 1, 3, 1, 3, 1, 3, 1, 4, 0, 7.9, 12.8, 16.5, 28.8, 31.9, 64.2, 170.1, 224.3, 638.2, 918.0, 2531.9, 3935.9, 34389.6, 10, 11, 12, 13, 15, 16, 22, 24, 30, 32, 39, 43, 52, 0, 47, 38, 52;
-1, 26, 4, 4, 96, 16, 32, 13, 54, 56, 16, 21, 3, 12, 12, 1, 4, 4, 1, 4, 1, 3, 4, 2, 3, 3, 3, 2, 0, 1, 4, 1, 4, 2, 1, 3, 2, 2, 2, 3, 3, 0, 7.5, 13.5, 27.7, 31.3, 58.0, 77.3, 100.8, 257.5, 417.2, 590.9, 1866.6, 6894.8, 20416.9, 10, 10, 13, 13, 16, 19, 11, 13, 13, 13, 18, 23, 26, -23, 47, 49, 36;
