#======================================================================================
# Kingdomino AI Experiment
#--------------------------------------------------------------------------------------
# 
# Player strategy:   MCE_TR_R
# Opponent strategy: FULL_GREEDY
# 
# Max search time: 0.3 (s)
# Max playouts: 0
# Runs: 200
# 
# System: Linux 3.20GHz
# Output file: kdom_exp-20170404-215341-rev-66b041f-cpu-3.20GHz/kdom_exp_MCE_TR_R_vs_FULL_GREEDY_T0.3_P0.m
# 
# Executing: 'java -jar out/kdom-exp.jar MCE_TR_R FULL_GREEDY kdom_exp-20170404-215341-rev-66b041f-cpu-3.20GHz/kdom_exp_MCE_TR_R_vs_FULL_GREEDY_T0.3_P0.m 0.3 0'
# Git Revision: 66b041f
#--------------------------------------------------------------------------------------

# win, score, num_players, available_moves(13), available_draft(13), chosen_draft_position(13), playouts_per_second(13), scores(13), score_diff, opponent_scores(3)
kdom_exp_MCE_TR_R_vs_FULL_GREEDY_T0_3_P0 = [
-1, 61, 4, 2, 72, 64, 28, 20, 44, 14, 10, 8, 18, 6, 16, 1, 2, 3, 4, 2, 1, 4, 2, 2, 2, 3, 1, 4, 0, 2, 1, 3, 4, 1, 3, 3, 3, 2, 4, 1, 3, 0, 1466.4, 3575.8, 4023.7, 4512.9, 6628.9, 6902.4, 8319.8, 9165.7, 10979.3, 12756.2, 18701.6, 21136.6, 32758.6, 10, 11, 11, 12, 15, 15, 20, 25, 27, 34, 42, 44, 61, -3, 61, 64, 49;
-1, 54, 4, 1, 72, 72, 16, 48, 18, 56, 8, 22, 6, 6, 12, 1, 1, 3, 4, 1, 3, 1, 4, 2, 2, 3, 2, 3, 0, 2, 1, 4, 2, 4, 1, 3, 3, 2, 3, 2, 3, 0, 1288.8, 3345.9, 3899.7, 4516.3, 5544.2, 6718.7, 7073.2, 8898.4, 10394.8, 12224.9, 16368.2, 20788.5, 31591.1, 10, 10, 10, 12, 16, 22, 22, 27, 30, 33, 38, 45, 54, -9, 41, 63, 61;
-1, 48, 4, 4, 24, 104, 48, 36, 42, 27, 16, 24, 4, 16, 2, 1, 4, 1, 4, 2, 2, 3, 3, 2, 4, 1, 4, 2, 0, 4, 1, 3, 3, 2, 2, 3, 1, 4, 1, 3, 4, 0, 1609.8, 3858.0, 4849.9, 4895.3, 6118.5, 6859.2, 8224.8, 9537.6, 10854.2, 13825.5, 15481.6, 23969.2, 36955.8, 10, 13, 13, 14, 14, 18, 24, 28, 30, 37, 43, 48, 48, -1, 49, 44, 38;
-1, 49, 4, 4, 48, 64, 56, 45, 45, 12, 24, 32, 10, 3, 6, 2, 4, 2, 4, 4, 3, 3, 1, 4, 4, 2, 3, 3, 0, 3, 1, 1, 2, 2, 4, 1, 1, 3, 2, 2, 3, 0, 1244.5, 3093.1, 4388.9, 4426.5, 5995.3, 6623.0, 8446.1, 8938.8, 10862.9, 13798.3, 15865.4, 21197.2, 32260.0, 10, 11, 11, 14, 19, 13, 18, 21, 27, 31, 31, 44, 49, -18, 67, 67, 62;
-1, 47, 4, 2, 48, 22, 48, 20, 13, 64, 18, 14, 8, 4, 16, 1, 2, 2, 1, 4, 2, 1, 4, 3, 2, 4, 1, 4, 0, 3, 4, 1, 3, 4, 1, 2, 3, 1, 4, 1, 2, 0, 1409.3, 2997.6, 4218.2, 4145.8, 5958.5, 6792.3, 7378.6, 8913.5, 10564.7, 12032.0, 16466.0, 18439.3, 28103.1, 10, 11, 12, 12, 14, 20, 20, 24, 26, 30, 35, 37, 47, -10, 55, 44, 57;
-1, 54, 4, 3, 96, 48, 40, 17, 42, 27, 56, 36, 14, 24, 4, 1, 3, 4, 3, 2, 1, 3, 3, 4, 3, 2, 4, 1, 0, 1, 2, 3, 4, 2, 2, 1, 2, 3, 1, 4, 1, 0, 1052.8, 3318.8, 4554.2, 4514.5, 6516.8, 6969.7, 7553.7, 8846.9, 11296.0, 13689.9, 15532.2, 26708.3, 27831.3, 10, 11, 12, 5, 10, 13, 16, 22, 28, 40, 48, 54, 54, -5, 39, 43, 59;
-1, 54, 4, 1, 96, 54, 80, 72, 57, 34, 12, 22, 6, 6, 2, 1, 1, 4, 2, 4, 4, 3, 2, 2, 2, 2, 3, 2, 0, 1, 3, 1, 1, 2, 3, 3, 3, 3, 2, 3, 1, 0, 1450.0, 3346.3, 4539.1, 4314.9, 5904.1, 6602.2, 8091.5, 8675.0, 10930.9, 13191.2, 15998.7, 23571.5, 27365.9, 10, 10, 11, 11, 11, 15, 18, 24, 30, 33, 43, 54, 54, -9, 52, 38, 63;
-1, 41, 4, 3, 24, 64, 57, 80, 4, 4, 15, 8, 20, 12, 16, 1, 3, 1, 4, 3, 4, 1, 4, 1, 1, 4, 3, 4, 0, 4, 1, 2, 1, 4, 1, 4, 4, 1, 2, 1, 4, 0, 1296.2, 2624.3, 3645.8, 4906.4, 5731.9, 7552.6, 7829.7, 9287.8, 11563.8, 12418.1, 16277.1, 19548.0, 31862.0, 10, 11, 12, 16, 18, 20, 20, 26, 30, 32, 35, 37, 41, -25, 54, 37, 66;
-1, 48, 4, 3, 48, 66, 17, 48, 48, 40, 4, 4, 4, 9, 3, 1, 3, 2, 3, 1, 3, 4, 4, 1, 1, 4, 3, 1, 0, 3, 2, 4, 2, 1, 1, 4, 4, 1, 2, 4, 4, 0, 1318.3, 3732.7, 4526.4, 4951.2, 6108.7, 6653.0, 8013.8, 9783.2, 11499.5, 12022.6, 15507.2, 24520.8, 37190.6, 10, 11, 12, 14, 16, 21, 23, 31, 33, 33, 38, 48, 48, -48, 25, 96, 67;
1, 76, 4, 1, 96, 18, 72, 64, 56, 15, 30, 14, 15, 4, 6, 2, 1, 4, 1, 3, 4, 4, 1, 3, 2, 3, 1, 3, 0, 1, 4, 2, 1, 1, 4, 2, 3, 2, 4, 2, 4, 0, 1568.1, 3262.1, 4641.3, 4409.5, 5750.6, 5816.3, 7874.1, 8465.2, 11060.2, 12043.1, 18421.7, 20391.1, 35194.9, 10, 10, 11, 12, 14, 20, 26, 28, 40, 48, 58, 66, 76, 16, 60, 46, 54;
-1, 42, 4, 1, 72, 72, 52, 32, 45, 24, 18, 18, 2, 6, 2, 1, 1, 3, 4, 2, 2, 3, 2, 3, 2, 1, 3, 2, 0, 2, 1, 3, 3, 2, 3, 2, 3, 4, 2, 3, 1, 0, 1387.3, 2938.4, 4174.3, 4552.5, 6362.7, 6701.6, 7985.0, 9260.4, 11010.9, 14675.3, 16449.9, 24607.5, 28281.4, 10, 10, 11, 18, 18, 20, 24, 25, 29, 34, 38, 42, 42, -23, 52, 65, 52;
1, 61, 4, 3, 72, 36, 48, 30, 40, 18, 5, 9, 5, 6, 4, 1, 3, 3, 2, 4, 3, 4, 3, 1, 3, 1, 3, 1, 0, 2, 3, 1, 2, 1, 2, 4, 2, 4, 2, 4, 2, 0, 1475.8, 3629.3, 4849.7, 4658.7, 6387.6, 6851.4, 7914.2, 10011.2, 10970.6, 14110.9, 16031.6, 26138.3, 29103.7, 10, 10, 11, 11, 14, 19, 25, 34, 38, 44, 52, 55, 61, 14, 47, 42, 44;
-1, 75, 4, 2, 48, 104, 28, 64, 36, 28, 36, 10, 24, 12, 6, 1, 2, 2, 4, 2, 4, 3, 2, 3, 1, 4, 3, 2, 0, 3, 1, 3, 1, 2, 3, 2, 4, 1, 2, 3, 3, 0, 1171.5, 3778.2, 4474.5, 5072.2, 5753.0, 6766.3, 8305.1, 8939.4, 11123.6, 11949.1, 17391.9, 23967.3, 34548.7, 10, 11, 13, 15, 15, 20, 34, 42, 53, 53, 65, 66, 75, -1, 69, 76, 34;
-1, 55, 4, 3, 48, 72, 14, 32, 64, 6, 6, 8, 6, 1, 3, 1, 3, 2, 4, 1, 2, 4, 2, 1, 4, 1, 1, 3, 0, 3, 1, 4, 3, 1, 3, 4, 1, 4, 4, 2, 1, 0, 1514.8, 3086.5, 4141.5, 4630.8, 6285.6, 6429.8, 7934.5, 9527.5, 9947.1, 14014.2, 17426.3, 19137.2, 25459.7, 10, 12, 12, 15, 19, 19, 28, 33, 43, 50, 51, 51, 55, -12, 49, 52, 67;
1, 58, 4, 1, 72, 48, 44, 84, 16, 40, 20, 6, 6, 6, 16, 2, 1, 3, 3, 2, 4, 2, 4, 2, 3, 2, 3, 4, 0, 2, 2, 3, 1, 3, 1, 3, 2, 3, 2, 1, 3, 0, 1228.2, 2965.9, 4194.9, 4461.5, 6068.3, 5990.6, 6842.0, 9455.3, 10830.5, 13770.9, 16353.8, 19706.6, 34262.9, 10, 11, 11, 12, 16, 18, 20, 25, 29, 34, 36, 40, 58, 3, 41, 55, 52;
-1, 58, 4, 3, 72, 72, 48, 112, 16, 56, 2, 24, 6, 15, 6, 1, 3, 3, 4, 2, 4, 1, 4, 1, 3, 1, 3, 3, 0, 2, 1, 3, 1, 4, 1, 4, 2, 4, 2, 2, 2, 0, 1360.5, 3091.8, 4135.3, 4508.4, 6088.3, 6942.0, 7541.2, 9860.9, 10777.3, 14424.6, 15894.4, 20349.4, 28083.7, 10, 11, 11, 14, 14, 15, 16, 23, 24, 35, 36, 43, 58, -5, 48, 43, 63;
1, 80, 4, 1, 96, 31, 34, 40, 32, 56, 16, 24, 9, 8, 8, 2, 1, 4, 1, 2, 2, 2, 4, 2, 4, 3, 4, 2, 0, 1, 4, 3, 3, 3, 1, 3, 1, 2, 1, 3, 3, 0, 1596.1, 3267.2, 4574.6, 4516.2, 6074.2, 6506.1, 6917.1, 8619.0, 9526.1, 11083.9, 13682.4, 20706.9, 30278.0, 10, 10, 11, 13, 16, 21, 25, 32, 32, 41, 47, 63, 80, 22, 51, 58, 43;
1, 63, 4, 3, 72, 48, 22, 24, 12, 8, 13, 6, 9, 9, 15, 2, 3, 3, 3, 1, 3, 2, 2, 1, 3, 1, 3, 3, 0, 2, 2, 4, 2, 3, 3, 4, 2, 4, 2, 2, 1, 0, 1479.8, 3131.3, 4501.5, 4757.5, 6374.0, 7181.3, 8494.6, 10083.6, 11021.6, 14058.1, 16613.9, 20970.3, 25650.5, 10, 11, 11, 13, 13, 16, 19, 23, 27, 40, 40, 50, 63, 3, 52, 60, 47;
-1, 52, 4, 3, 24, 36, 16, 24, 11, 16, 15, 5, 2, 4, 12, 1, 3, 1, 2, 1, 4, 1, 2, 3, 1, 1, 4, 3, 0, 4, 3, 4, 1, 4, 3, 2, 4, 4, 1, 2, 3, 0, 1415.8, 2743.0, 4267.4, 4304.9, 5765.8, 6794.2, 7762.7, 8688.0, 11066.0, 13334.9, 14636.5, 20537.9, 29334.1, 10, 11, 11, 13, 13, 19, 27, 30, 32, 44, 44, 48, 52, -8, 47, 44, 60;
-1, 51, 4, 3, 96, 54, 72, 28, 28, 10, 6, 4, 4, 2, 6, 2, 3, 4, 3, 3, 2, 2, 1, 1, 1, 2, 1, 2, 0, 1, 2, 2, 3, 3, 4, 4, 4, 3, 4, 3, 1, 0, 1363.1, 3202.6, 4075.5, 4586.2, 5791.3, 6316.0, 7765.8, 9408.3, 12112.1, 13264.8, 16545.2, 22534.0, 25837.2, 10, 10, 11, 11, 13, 14, 21, 24, 30, 32, 42, 42, 51, -31, 54, 82, 46;
1, 79, 4, 1, 72, 32, 54, 40, 16, 11, 10, 32, 6, 12, 2, 2, 1, 3, 2, 3, 2, 2, 1, 2, 4, 1, 3, 2, 0, 2, 3, 2, 3, 3, 4, 3, 1, 4, 2, 3, 2, 0, 1271.9, 3495.5, 4512.2, 4140.8, 6111.3, 6842.3, 8030.9, 9098.0, 9307.7, 13965.1, 15396.8, 23239.5, 30108.8, 10, 11, 13, 14, 22, 24, 31, 32, 34, 49, 55, 62, 79, 19, 44, 60, 49;
-1, 44, 4, 3, 24, 54, 40, 32, 80, 18, 39, 5, 32, 3, 6, 1, 3, 1, 3, 2, 2, 4, 2, 3, 1, 4, 3, 1, 0, 4, 2, 3, 3, 1, 3, 2, 4, 1, 2, 4, 1, 0, 1383.3, 2751.6, 3538.0, 4543.7, 6479.6, 6535.3, 7962.7, 8485.2, 11473.2, 12307.9, 15811.5, 25221.6, 27332.9, 10, 11, 11, 13, 18, 18, 22, 28, 31, 33, 40, 44, 44, -20, 64, 47, 53;
