#======================================================================================
# Kingdomino AI Experiment
#--------------------------------------------------------------------------------------
# 
# Player strategy:   MCE_FG_R
# Opponent strategy: FULL_GREEDY
# 
# Max search time: 0.3 (s)
# Max playouts: 0
# Runs: 200
# 
# System: Linux 3.20GHz
# Output file: kdom_exp-20170404-215341-rev-66b041f-cpu-3.20GHz/kdom_exp_MCE_FG_R_vs_FULL_GREEDY_T0.3_P0.m
# 
# Executing: 'java -jar out/kdom-exp.jar MCE_FG_R FULL_GREEDY kdom_exp-20170404-215341-rev-66b041f-cpu-3.20GHz/kdom_exp_MCE_FG_R_vs_FULL_GREEDY_T0.3_P0.m 0.3 0'
# Git Revision: 66b041f
#--------------------------------------------------------------------------------------

# win, score, num_players, available_moves(13), available_draft(13), chosen_draft_position(13), playouts_per_second(13), scores(13), score_diff, opponent_scores(3)
kdom_exp_MCE_FG_R_vs_FULL_GREEDY_T0_3_P0 = [
-1, 37, 4, 2, 72, 54, 80, 56, 12, 12, 18, 32, 16, 10, 24, 1, 2, 3, 3, 4, 4, 1, 3, 3, 4, 4, 2, 4, 0, 2, 2, 1, 1, 4, 2, 2, 1, 1, 3, 1, 4, 0, 7.9, 10.5, 17.7, 25.3, 34.9, 72.2, 119.3, 186.0, 275.4, 576.6, 2410.8, 3887.4, 36528.7, 10, 10, 11, 11, 13, 17, 18, 18, 18, 18, 23, 25, 37, -35, 72, 40, 56;
1, 67, 4, 1, 48, 104, 80, 20, 30, 18, 10, 12, 10, 18, 6, 2, 1, 2, 4, 4, 2, 3, 2, 1, 2, 1, 3, 2, 0, 3, 1, 1, 3, 2, 3, 4, 3, 4, 2, 3, 2, 0, 9.0, 11.8, 14.8, 25.4, 43.2, 75.8, 128.2, 245.4, 324.0, 1165.3, 2021.8, 10483.4, 20645.5, 10, 11, 11, 13, 14, 14, 23, 36, 41, 51, 51, 53, 67, 5, 48, 62, 50;
1, 64, 4, 4, 24, 64, 36, 16, 20, 48, 72, 12, 9, 24, 6, 1, 4, 1, 4, 3, 2, 2, 3, 4, 3, 3, 4, 2, 0, 4, 1, 2, 3, 3, 2, 1, 2, 2, 1, 3, 2, 0, 8.1, 13.8, 16.4, 34.7, 55.8, 90.0, 128.9, 230.7, 447.6, 935.7, 1409.3, 9110.3, 20613.1, 10, 12, 12, 13, 16, 17, 21, 23, 27, 30, 46, 59, 64, 4, 60, 55, 48;
1, 56, 4, 4, 96, 54, 72, 42, 96, 4, 33, 27, 16, 6, 8, 1, 4, 4, 3, 4, 2, 4, 1, 3, 3, 2, 2, 4, 0, 1, 2, 1, 3, 1, 4, 2, 2, 3, 3, 1, 3, 0, 8.0, 15.1, 23.6, 28.4, 62.7, 75.0, 167.3, 249.6, 406.0, 1383.2, 3201.1, 4605.7, 24580.7, 10, 11, 12, 14, 16, 16, 19, 20, 26, 32, 44, 46, 56, 2, 53, 54, 33;
-1, 42, 4, 3, 72, 44, 48, 78, 64, 2, 16, 24, 7, 16, 16, 2, 3, 3, 2, 3, 3, 4, 1, 4, 3, 1, 4, 4, 0, 2, 3, 2, 2, 1, 4, 1, 2, 4, 1, 1, 3, 0, 8.6, 15.5, 23.4, 30.8, 36.4, 59.9, 143.2, 164.2, 404.7, 1535.1, 1698.2, 3745.5, 25819.2, 10, 10, 14, 15, 7, 7, 11, 11, 15, 23, 25, 31, 42, -23, 52, 38, 65;
-1, 50, 4, 4, 24, 64, 10, 11, 32, 26, 27, 4, 6, 2, 4, 2, 4, 1, 4, 1, 1, 4, 2, 3, 1, 3, 1, 4, 0, 4, 1, 4, 4, 1, 3, 2, 4, 2, 4, 1, 4, 0, 8.1, 16.9, 16.5, 34.7, 67.2, 79.1, 144.4, 286.6, 725.3, 918.5, 2338.5, 3232.3, 39795.2, 10, 13, 13, 14, 21, 21, 24, 25, 28, 28, 39, 39, 50, -4, 54, 43, 50;
1, 69, 4, 3, 96, 54, 100, 20, 104, 136, 68, 8, 24, 4, 9, 1, 3, 4, 2, 4, 2, 4, 4, 4, 1, 4, 4, 3, 0, 1, 3, 1, 3, 1, 1, 1, 4, 1, 1, 2, 4, 0, 6.2, 13.2, 16.3, 24.8, 43.3, 65.0, 99.2, 209.2, 570.2, 842.3, 2033.3, 6702.2, 37955.2, 10, 10, 11, 11, 13, 16, 16, 21, 40, 53, 53, 58, 69, 22, 46, 45, 47;
-1, 46, 4, 1, 96, 104, 60, 112, 30, 36, 48, 10, 16, 8, 9, 2, 1, 4, 4, 2, 4, 3, 2, 4, 1, 4, 2, 3, 0, 1, 1, 3, 1, 2, 3, 1, 4, 1, 3, 2, 1, 0, 5.4, 12.2, 13.2, 27.7, 40.6, 57.7, 167.0, 206.3, 595.9, 848.5, 2281.5, 5247.9, 17052.0, 10, 11, 13, 15, 15, 15, 18, 20, 22, 24, 33, 36, 46, -2, 45, 48, 26;
1, 68, 4, 4, 48, 72, 48, 24, 56, 12, 36, 27, 3, 18, 3, 2, 4, 2, 4, 2, 2, 4, 1, 3, 3, 3, 3, 1, 0, 3, 1, 3, 3, 1, 4, 2, 2, 2, 2, 4, 2, 0, 6.5, 12.4, 16.0, 28.2, 57.7, 81.1, 193.2, 251.1, 549.7, 1143.8, 2146.8, 11562.9, 17958.7, 10, 11, 11, 14, 15, 19, 24, 27, 40, 42, 48, 59, 68, 15, 53, 35, 35;
-1, 48, 4, 1, 48, 112, 50, 30, 28, 80, 1, 24, 30, 9, 1, 1, 1, 2, 4, 2, 3, 2, 4, 1, 3, 3, 3, 1, 0, 3, 1, 3, 2, 3, 1, 4, 2, 2, 2, 4, 2, 0, 7.7, 11.7, 16.3, 35.2, 33.4, 69.9, 77.2, 257.0, 302.7, 620.5, 2423.1, 10964.5, 15339.7, 10, 11, 11, 15, 15, 20, 22, 24, 24, 32, 42, 48, 48, -7, 55, 55, 53;
-1, 25, 4, 1, 72, 64, 72, 42, 66, 34, 48, 54, 36, 24, 4, 1, 1, 3, 4, 4, 2, 3, 2, 4, 3, 3, 4, 1, 0, 2, 1, 1, 3, 2, 3, 1, 2, 2, 1, 4, 1, 0, 8.8, 9.9, 18.3, 28.0, 48.0, 84.0, 188.0, 207.1, 364.7, 693.0, 1194.5, 11414.0, 13447.8, 10, 10, 10, 10, 0, 3, 8, 10, 13, 13, 23, 25, 25, -42, 67, 35, 51;
-1, 33, 4, 4, 48, 44, 90, 12, 4, 4, 24, 40, 24, 14, 4, 1, 4, 2, 2, 3, 1, 4, 4, 2, 4, 4, 2, 1, 0, 3, 3, 2, 4, 1, 1, 3, 1, 1, 3, 4, 2, 0, 6.3, 12.4, 22.1, 31.8, 69.3, 66.7, 96.6, 198.5, 350.5, 629.9, 2174.4, 10197.6, 15365.2, 10, 11, 12, 12, 13, 13, 13, 18, 18, 23, 26, 30, 33, -18, 51, 38, 43;
1, 56, 4, 3, 48, 48, 21, 56, 40, 20, 16, 16, 16, 4, 9, 2, 3, 2, 3, 1, 4, 2, 2, 4, 4, 4, 2, 3, 0, 3, 2, 4, 1, 3, 3, 1, 1, 1, 3, 2, 4, 0, 6.4, 15.1, 17.4, 43.1, 51.3, 109.5, 191.4, 242.3, 331.0, 734.0, 2682.5, 4737.6, 37823.8, 10, 11, 11, 14, 14, 16, 20, 20, 26, 31, 43, 45, 56, 8, 46, 46, 48;
-1, 43, 4, 1, 96, 63, 48, 26, 45, 22, 48, 40, 4, 16, 6, 1, 1, 4, 3, 3, 2, 3, 2, 3, 4, 1, 4, 2, 0, 1, 2, 2, 3, 2, 3, 2, 1, 4, 1, 3, 3, 0, 6.6, 12.0, 20.4, 30.7, 56.3, 85.3, 136.0, 184.3, 295.5, 1090.8, 1278.4, 8341.9, 24099.4, 10, 10, 11, 11, 11, 14, 17, 19, 19, 24, 26, 30, 43, -9, 42, 46, 52;
1, 86, 4, 1, 48, 144, 16, 87, 108, 32, 48, 24, 24, 8, 2, 2, 1, 2, 4, 1, 3, 4, 2, 3, 3, 4, 2, 1, 0, 3, 1, 4, 2, 1, 3, 2, 2, 1, 3, 4, 1, 0, 9.7, 15.7, 19.6, 24.9, 33.6, 45.5, 104.5, 202.3, 527.6, 778.9, 2152.1, 12835.8, 16270.6, 10, 10, 10, 11, 15, 11, 19, 29, 31, 39, 53, 69, 86, 21, 65, 54, 31;
-1, 48, 4, 2, 48, 81, 38, 104, 64, 24, 18, 18, 8, 16, 8, 1, 2, 2, 3, 2, 4, 4, 3, 3, 3, 2, 4, 4, 0, 3, 2, 3, 1, 1, 2, 2, 2, 3, 1, 1, 3, 0, 10.8, 12.9, 17.7, 36.5, 33.0, 54.3, 141.3, 274.8, 381.5, 1849.2, 3012.4, 6084.1, 26408.9, 10, 11, 11, 12, 12, 12, 13, 18, 19, 27, 42, 48, 48, -14, 53, 62, 39;
-1, 36, 4, 3, 96, 22, 144, 54, 36, 20, 4, 56, 9, 10, 1, 1, 3, 4, 1, 4, 3, 2, 2, 2, 4, 3, 2, 1, 0, 1, 4, 1, 2, 3, 3, 3, 1, 2, 3, 4, 3, 0, 8.8, 15.4, 18.7, 25.6, 39.8, 88.0, 140.9, 242.6, 314.2, 674.2, 1990.2, 11253.2, 20207.5, 10, 10, 11, 11, 11, 12, 13, 15, 15, 18, 27, 36, 36, -16, 26, 52, 49;
-1, 36, 4, 4, 48, 48, 28, 13, 24, 24, 12, 3, 4, 4, 3, 2, 4, 2, 3, 2, 1, 4, 4, 2, 1, 4, 1, 1, 0, 3, 2, 3, 4, 1, 1, 3, 4, 1, 4, 4, 1, 0, 6.6, 13.7, 27.9, 36.9, 82.9, 98.8, 182.2, 277.2, 689.3, 628.1, 2683.1, 11918.2, 15260.5, 10, 11, 11, 12, 14, 14, 14, 20, 24, 24, 29, 36, 36, -17, 53, 51, 18;
1, 65, 4, 1, 72, 48, 36, 16, 48, 16, 10, 32, 16, 12, 8, 1, 1, 3, 3, 2, 1, 4, 1, 1, 4, 4, 3, 4, 0, 2, 2, 3, 4, 1, 4, 4, 1, 1, 2, 1, 4, 0, 5.9, 11.6, 16.2, 32.7, 39.6, 44.7, 125.6, 229.4, 305.1, 654.3, 2953.9, 6162.5, 37938.6, 10, 11, 12, 13, 17, 19, 24, 28, 29, 31, 51, 53, 65, 1, 63, 64, 49;
-1, 34, 4, 2, 48, 63, 38, 84, 26, 11, 8, 33, 10, 3, 16, 2, 2, 2, 3, 2, 4, 2, 1, 4, 3, 1, 3, 2, 0, 3, 2, 3, 1, 3, 4, 1, 2, 4, 2, 3, 1, 0, 6.6, 14.9, 22.9, 24.3, 35.5, 79.6, 146.7, 124.1, 429.4, 1128.6, 1356.6, 7625.3, 14236.0, 10, 11, 11, 12, 3, 5, 7, 7, 11, 12, 13, 15, 34, -24, 51, 44, 58;
-1, 46, 4, 1, 96, 64, 80, 39, 40, 22, 40, 22, 16, 9, 6, 1, 1, 4, 4, 4, 3, 4, 2, 4, 2, 4, 3, 3, 0, 1, 1, 1, 2, 1, 3, 1, 3, 1, 2, 2, 3, 0, 9.2, 12.9, 17.6, 28.4, 60.8, 82.3, 178.3, 262.8, 725.9, 920.4, 1713.6, 7554.2, 25993.3, 10, 10, 10, 10, 11, 11, 15, 19, 25, 25, 31, 35, 46, -10, 41, 56, 48;
-1, 40, 4, 3, 72, 32, 72, 72, 48, 72, 16, 36, 4, 24, 8, 1, 3, 3, 2, 4, 4, 3, 4, 2, 3, 1, 4, 2, 0, 2, 3, 1, 1, 2, 1, 3, 2, 4, 1, 3, 2, 0, 5.9, 15.0, 24.1, 27.7, 38.0, 68.3, 101.6, 189.7, 360.8, 933.7, 1018.7, 6418.4, 18071.4, 10, 10, 11, 11, 15, 16, 18, 18, 20, 27, 27, 33, 40, -20, 44, 54, 60;
-1, 44, 4, 3, 96, 48, 18, 8, 32, 15, 32, 30, 24, 8, 4, 1, 3, 4, 3, 1, 4, 2, 1, 4, 3, 3, 4, 1, 0, 1, 2, 4, 1, 3, 4, 1, 2, 2, 1, 4, 1, 0, 7.7, 15.2, 18.9, 36.0, 35.5, 90.4, 179.3, 177.6, 385.1, 887.1, 1761.5, 13475.5, 17607.0, 10, 10, 11, 12, 12, 18, 19, 19, 19, 24, 29, 44, 44, -14, 58, 53, 38;
-1, 48, 4, 3, 72, 54, 32, 90, 45, 51, 69, 4, 32, 24, 4, 3, 3, 3, 2, 4, 3, 3, 3, 3, 4, 2, 3, 4, 0, 2, 3, 1, 2, 2, 2, 2, 1, 3, 2, 1, 3, 0, 6.4, 11.4, 24.2, 32.0, 54.1, 94.6, 174.6, 332.5, 502.8, 1411.2, 2713.3, 4308.0, 24289.6, 10, 10, 11, 11, 12, 15, 17, 31, 31, 40, 45, 45, 48, -3, 51, 43, 50;
