#======================================================================================
# Kingdomino AI Experiment
#--------------------------------------------------------------------------------------
# 
# Player strategy:   MCE_EG_R
# Opponent strategy: FULL_GREEDY
# 
# Max search time: 6 (s)
# Max playouts: 0
# Runs: 200
# 
# System: Linux 3.20GHz
# Output file: kdom_exp-20170404-215341-rev-66b041f-cpu-3.20GHz/kdom_exp_MCE_EG_R_vs_FULL_GREEDY_T6_P0.m
# 
# Executing: 'java -jar out/kdom-exp.jar MCE_EG_R FULL_GREEDY kdom_exp-20170404-215341-rev-66b041f-cpu-3.20GHz/kdom_exp_MCE_EG_R_vs_FULL_GREEDY_T6_P0.m 6 0'
# Git Revision: 66b041f
#--------------------------------------------------------------------------------------

# win, score, num_players, available_moves(13), available_draft(13), chosen_draft_position(13), playouts_per_second(13), scores(13), score_diff, opponent_scores(3)
kdom_exp_MCE_EG_R_vs_FULL_GREEDY_T6_P0 = [
-1, 49, 4, 2, 96, 52, 48, 54, 96, 48, 52, 32, 12, 8, 3, 1, 2, 4, 2, 4, 3, 4, 4, 4, 4, 2, 2, 3, 0, 1, 3, 1, 2, 1, 1, 1, 1, 3, 3, 2, 1, 0, 70.5, 78.3, 118.5, 135.5, 228.8, 313.9, 462.9, 1156.5, 1942.4, 3770.6, 9175.2, 14327.9, 24549.2, 10, 10, 12, 12, 14, 16, 16, 24, 28, 40, 45, 49, 49, -12, 40, 45, 61;
-1, 50, 4, 4, 48, 72, 48, 48, 9, 64, 24, 8, 3, 12, 2, 1, 4, 2, 4, 4, 3, 1, 4, 2, 2, 1, 3, 1, 0, 3, 1, 1, 2, 4, 1, 3, 3, 4, 2, 4, 2, 0, 66.8, 77.2, 85.7, 105.3, 201.8, 319.9, 436.8, 1336.0, 1782.5, 4562.5, 7000.2, 19494.4, 24958.5, 10, 11, 11, 11, 14, 16, 16, 25, 25, 37, 38, 39, 50, -10, 57, 37, 60;
-1, 58, 4, 2, 72, 42, 63, 54, 56, 60, 10, 52, 16, 6, 12, 1, 2, 3, 2, 3, 3, 4, 3, 1, 4, 4, 3, 3, 0, 2, 3, 2, 2, 1, 2, 4, 1, 1, 2, 2, 2, 0, 71.1, 87.0, 115.4, 170.3, 270.7, 322.8, 662.6, 1140.5, 1772.7, 3224.6, 7236.3, 14525.7, 23581.6, 10, 11, 11, 12, 13, 15, 20, 25, 34, 36, 41, 43, 58, -3, 61, 53, 29;
-1, 59, 4, 2, 96, 54, 64, 14, 30, 14, 10, 18, 2, 4, 12, 2, 2, 4, 2, 4, 1, 3, 2, 1, 3, 1, 1, 4, 0, 1, 3, 1, 4, 2, 3, 4, 2, 4, 4, 1, 4, 0, 59.1, 59.0, 90.9, 117.6, 255.6, 287.3, 601.6, 1486.0, 1916.0, 3540.1, 7407.1, 10220.2, 36357.2, 10, 10, 13, 13, 15, 15, 21, 23, 23, 36, 41, 41, 59, -4, 63, 44, 31;
-1, 52, 4, 2, 72, 84, 38, 104, 42, 56, 21, 10, 8, 8, 3, 1, 2, 3, 4, 2, 4, 3, 4, 3, 2, 4, 4, 1, 0, 2, 1, 3, 1, 2, 1, 2, 3, 1, 1, 4, 3, 0, 70.8, 75.7, 80.7, 193.0, 187.7, 380.4, 504.6, 943.6, 1978.3, 2833.4, 5611.5, 20431.8, 31086.5, 10, 11, 12, 15, 15, 16, 18, 29, 34, 40, 46, 52, 52, -17, 62, 69, 53;
-1, 54, 4, 1, 72, 144, 40, 14, 30, 32, 30, 15, 1, 15, 8, 1, 1, 3, 4, 4, 1, 3, 4, 3, 3, 1, 3, 4, 0, 2, 1, 1, 4, 2, 1, 2, 2, 4, 2, 1, 3, 0, 68.5, 76.3, 91.6, 107.8, 224.5, 313.2, 429.1, 859.8, 1324.7, 3863.5, 6320.6, 10768.4, 31367.6, 10, 10, 10, 10, 11, 14, 14, 19, 26, 30, 35, 38, 54, -2, 56, 54, 45;
1, 71, 4, 2, 96, 44, 66, 63, 60, 72, 34, 32, 4, 4, 20, 4, 2, 4, 2, 3, 3, 3, 3, 2, 4, 1, 4, 4, 0, 1, 3, 2, 2, 2, 2, 3, 1, 4, 1, 1, 1, 0, 72.1, 80.6, 120.9, 154.5, 195.4, 454.1, 592.6, 1083.6, 1450.7, 4134.6, 3914.4, 11914.7, 25410.9, 10, 10, 11, 11, 12, 17, 28, 38, 44, 47, 47, 61, 71, 15, 45, 41, 56;
1, 72, 4, 4, 96, 88, 40, 20, 40, 14, 22, 40, 14, 12, 6, 2, 4, 4, 4, 2, 2, 4, 2, 2, 4, 2, 3, 3, 0, 1, 1, 3, 3, 1, 3, 3, 1, 3, 2, 2, 2, 0, 71.6, 72.9, 90.8, 149.5, 275.8, 306.3, 606.1, 1105.1, 1490.0, 3731.0, 4420.4, 13885.3, 25972.6, 10, 11, 12, 15, 16, 18, 24, 29, 37, 46, 57, 59, 72, 11, 61, 51, 43;
1, 60, 4, 4, 96, 48, 54, 88, 48, 21, 48, 48, 1, 24, 24, 1, 4, 4, 3, 3, 4, 2, 1, 4, 4, 1, 4, 4, 0, 1, 2, 2, 1, 3, 4, 1, 1, 4, 1, 1, 4, 0, 66.3, 75.4, 88.0, 123.8, 138.3, 279.0, 529.8, 555.9, 1192.6, 2444.5, 2891.9, 8631.4, 36595.3, 10, 10, 11, 14, 14, 21, 24, 26, 34, 34, 43, 46, 60, 4, 55, 56, 52;
1, 69, 4, 3, 96, 31, 81, 45, 13, 64, 33, 6, 8, 1, 9, 2, 3, 4, 1, 3, 3, 1, 4, 3, 1, 2, 1, 3, 0, 1, 4, 2, 2, 4, 1, 2, 4, 3, 4, 2, 1, 0, 61.9, 66.3, 78.8, 102.9, 178.1, 396.0, 502.4, 1202.9, 2930.0, 4952.6, 8995.1, 15184.4, 23066.1, 10, 10, 11, 13, 14, 17, 20, 27, 35, 38, 47, 58, 69, 13, 55, 49, 56;
1, 73, 4, 2, 48, 88, 78, 48, 120, 128, 44, 4, 28, 21, 24, 3, 2, 2, 4, 3, 2, 4, 4, 2, 4, 2, 3, 4, 0, 3, 1, 2, 3, 1, 1, 3, 1, 3, 2, 1, 3, 0, 66.2, 70.3, 82.3, 114.9, 246.7, 319.0, 416.4, 1049.7, 993.8, 2447.2, 5687.6, 10477.8, 31842.0, 10, 11, 12, 14, 6, 8, 18, 29, 29, 43, 47, 55, 73, 19, 39, 54, 49;
-1, 71, 4, 4, 24, 54, 80, 40, 45, 64, 48, 9, 4, 6, 6, 4, 4, 1, 3, 4, 2, 3, 4, 4, 1, 4, 1, 3, 0, 4, 2, 1, 3, 2, 1, 1, 4, 1, 4, 2, 2, 0, 68.0, 71.8, 94.5, 116.0, 195.1, 273.6, 421.9, 921.0, 3240.3, 3439.6, 9060.0, 15692.7, 30414.3, 10, 13, 14, 14, 17, 28, 34, 34, 45, 45, 58, 61, 71, -5, 60, 76, 43;
-1, 64, 4, 2, 72, 54, 93, 176, 2, 57, 16, 24, 15, 6, 8, 1, 2, 3, 2, 3, 4, 1, 3, 2, 3, 3, 2, 4, 0, 2, 3, 2, 1, 4, 2, 3, 2, 2, 3, 1, 3, 0, 69.3, 70.8, 94.4, 124.9, 197.9, 378.9, 504.5, 1170.1, 1578.3, 2717.5, 7132.3, 9698.5, 31088.3, 10, 11, 12, 13, 13, 18, 22, 24, 27, 34, 43, 49, 64, -3, 50, 67, 45;
-1, 47, 4, 4, 48, 112, 16, 14, 4, 24, 8, 48, 16, 8, 2, 2, 4, 2, 4, 2, 2, 1, 4, 2, 4, 2, 4, 2, 0, 3, 1, 3, 3, 4, 1, 3, 1, 3, 1, 3, 3, 0, 64.7, 70.5, 75.6, 150.0, 263.6, 465.3, 479.3, 1005.3, 1109.5, 3973.0, 4906.1, 16469.3, 29738.7, 10, 11, 11, 13, 14, 18, 20, 23, 25, 30, 34, 40, 47, -12, 59, 30, 58;
-1, 48, 4, 2, 72, 52, 120, 93, 36, 4, 9, 56, 3, 4, 8, 2, 2, 3, 2, 3, 3, 3, 1, 3, 4, 1, 2, 2, 0, 2, 3, 2, 2, 2, 4, 2, 1, 4, 3, 3, 2, 0, 69.9, 78.2, 109.1, 118.3, 148.3, 266.6, 631.4, 805.0, 1090.1, 4338.6, 7233.0, 18137.1, 27049.1, 10, 11, 11, 11, 13, 17, 19, 20, 27, 33, 35, 43, 48, -17, 65, 49, 62;
1, 68, 4, 1, 72, 36, 48, 42, 20, 18, 28, 6, 24, 24, 3, 1, 1, 3, 2, 3, 3, 2, 3, 4, 1, 3, 4, 1, 0, 2, 3, 2, 2, 3, 2, 1, 4, 2, 1, 4, 1, 0, 64.3, 69.8, 105.1, 139.3, 205.7, 386.6, 494.5, 548.1, 1894.3, 2718.2, 4794.7, 18972.4, 21504.7, 10, 10, 11, 12, 13, 19, 21, 23, 36, 44, 52, 62, 68, 10, 58, 33, 50;
-1, 52, 4, 3, 24, 108, 10, 16, 6, 18, 32, 6, 20, 5, 4, 1, 3, 1, 3, 1, 4, 1, 3, 4, 1, 4, 1, 2, 0, 4, 2, 4, 1, 4, 2, 1, 4, 1, 4, 3, 3, 0, 68.6, 78.7, 95.0, 235.5, 240.9, 633.9, 676.8, 1158.0, 1793.4, 2640.6, 6685.5, 15503.5, 30651.9, 10, 11, 11, 12, 13, 18, 18, 20, 24, 26, 32, 46, 52, -4, 56, 53, 56;
-1, 55, 4, 1, 72, 64, 76, 23, 68, 30, 27, 14, 10, 4, 9, 1, 1, 3, 4, 4, 1, 4, 2, 3, 2, 2, 4, 3, 0, 2, 1, 1, 4, 1, 3, 2, 3, 3, 1, 2, 4, 0, 66.4, 75.9, 78.6, 118.2, 218.2, 277.9, 628.5, 990.6, 2319.4, 3516.9, 3189.1, 12276.8, 40402.6, 10, 10, 10, 13, 16, 17, 24, 24, 35, 38, 38, 47, 55, -26, 53, 41, 81;
-1, 51, 4, 2, 72, 72, 30, 48, 10, 32, 30, 5, 20, 9, 9, 1, 2, 3, 4, 3, 4, 1, 4, 3, 1, 4, 3, 3, 0, 2, 1, 2, 1, 4, 1, 2, 4, 1, 2, 2, 2, 0, 70.4, 77.7, 84.5, 129.3, 157.1, 353.5, 345.1, 757.5, 1992.9, 2455.5, 6918.9, 14431.9, 27772.4, 10, 10, 10, 11, 13, 14, 14, 18, 22, 24, 32, 36, 51, -5, 52, 39, 56;
1, 59, 4, 1, 96, 72, 50, 10, 64, 34, 8, 18, 4, 16, 9, 1, 1, 4, 4, 2, 1, 4, 2, 1, 3, 1, 4, 3, 0, 1, 1, 3, 4, 1, 3, 4, 2, 4, 1, 2, 2, 0, 62.3, 74.6, 74.9, 139.9, 209.4, 239.1, 411.4, 1105.1, 1391.8, 3833.0, 4533.2, 12442.3, 26020.3, 10, 10, 10, 11, 14, 14, 19, 21, 28, 32, 36, 47, 59, 5, 47, 54, 46;
-1, 40, 4, 2, 48, 72, 48, 20, 18, 7, 7, 8, 10, 8, 1, 1, 2, 2, 4, 3, 1, 2, 1, 1, 2, 2, 2, 1, 0, 3, 1, 2, 4, 3, 4, 4, 3, 3, 3, 4, 3, 0, 65.0, 65.8, 80.3, 116.1, 203.6, 259.1, 499.6, 913.7, 2165.0, 3626.6, 7308.7, 21172.9, 30545.1, 10, 10, 10, 11, 17, 17, 19, 23, 31, 34, 36, 40, 40, -17, 57, 49, 57;
-1, 48, 4, 3, 72, 62, 48, 6, 30, 32, 28, 32, 3, 8, 6, 1, 3, 3, 2, 4, 1, 3, 4, 4, 4, 1, 4, 3, 0, 2, 3, 1, 4, 2, 1, 1, 1, 4, 1, 2, 1, 0, 65.8, 67.1, 91.1, 100.3, 222.5, 243.8, 271.2, 604.6, 897.2, 5231.1, 5492.7, 13063.6, 24096.7, 10, 10, 13, 13, 15, 16, 18, 26, 30, 36, 36, 48, 48, -9, 51, 57, 48;
-1, 58, 4, 2, 96, 144, 14, 24, 32, 27, 6, 24, 8, 16, 8, 2, 2, 4, 4, 1, 4, 2, 3, 1, 4, 2, 4, 4, 0, 1, 1, 4, 1, 3, 2, 4, 1, 3, 1, 1, 4, 0, 66.9, 77.3, 85.8, 213.5, 239.1, 424.5, 539.5, 1213.6, 1200.8, 3976.1, 5325.0, 10965.5, 42691.5, 10, 11, 11, 13, 13, 17, 20, 24, 26, 36, 38, 45, 58, -6, 64, 54, 56;
