#======================================================================================
# Kingdomino AI Experiment
#--------------------------------------------------------------------------------------
# 
# Player strategy:   MCE_FG_R
# Opponent strategy: FULL_GREEDY
# 
# Max search time: 10 (s)
# Max playouts: 0
# Runs: 300
# 
# System: Linux 3.20GHz
# Output file: kdom_exp-20170331-213055-rev-3cc76b2-cpu-3.20GHz/kdom_exp_MCE_FG_R_vs_FULL_GREEDY_T10_P0.m
# 
# Executing: 'java -jar out/kdom-exp.jar MCE_FG_R FULL_GREEDY kdom_exp-20170331-213055-rev-3cc76b2-cpu-3.20GHz/kdom_exp_MCE_FG_R_vs_FULL_GREEDY_T10_P0.m 10 0'
# Git Revision: 3cc76b2
#--------------------------------------------------------------------------------------

# win, score, num_players, available_moves(13), available_draft(13), chosen_draft_position(13), playouts_per_second(13), scores(13), score_diff, opponent_scores(3)
kdom_exp_MCE_FG_R_vs_FULL_GREEDY_T10_P0 = [
1, 67, 4, 4, 72, 84, 72, 51, 120, 64, 19, 40, 4, 14, 32, 1, 4, 3, 4, 3, 3, 4, 4, 1, 4, 4, 2, 4, 0, 2, 1, 2, 2, 1, 1, 4, 1, 1, 3, 1, 3, 0, 11.3, 14.2, 19.3, 25.9, 46.0, 54.8, 86.3, 174.8, 218.6, 448.8, 1560.8, 1980.1, 19910.7, 10, 11, 12, 15, 16, 23, 25, 33, 35, 35, 38, 42, 67, 7, 40, 60, 42;
1, 85, 4, 4, 48, 108, 111, 105, 92, 88, 60, 30, 7, 32, 24, 2, 4, 2, 3, 3, 3, 4, 4, 3, 3, 1, 4, 4, 0, 3, 2, 2, 2, 1, 1, 2, 2, 4, 1, 1, 3, 0, 12.2, 16.8, 16.2, 20.2, 25.9, 46.4, 55.8, 112.4, 224.1, 792.6, 1027.6, 3205.6, 24835.7, 10, 11, 13, 18, 19, 28, 34, 46, 47, 54, 54, 62, 85, 10, 41, 75, 47;
1, 69, 4, 1, 96, 54, 40, 12, 72, 63, 39, 40, 24, 3, 16, 1, 1, 4, 2, 4, 1, 4, 3, 3, 4, 4, 1, 4, 0, 1, 3, 1, 4, 1, 2, 2, 1, 1, 4, 1, 2, 0, 12.3, 12.7, 23.3, 26.7, 50.2, 56.1, 98.2, 200.3, 430.4, 654.3, 1750.2, 2060.8, 16994.1, 10, 10, 11, 11, 12, 14, 15, 20, 26, 28, 46, 50, 69, 17, 50, 45, 52;
-1, 52, 4, 4, 96, 48, 21, 22, 66, 32, 14, 56, 36, 8, 6, 1, 4, 4, 3, 1, 1, 3, 2, 1, 4, 3, 4, 2, 0, 1, 2, 4, 4, 2, 3, 4, 1, 2, 1, 3, 2, 0, 12.5, 13.8, 16.8, 25.4, 36.6, 46.6, 84.3, 132.8, 187.5, 497.7, 859.6, 5464.8, 17669.5, 10, 10, 11, 12, 16, 18, 22, 25, 26, 33, 35, 43, 52, -12, 57, 64, 62;
1, 76, 4, 3, 72, 52, 128, 46, 48, 72, 24, 21, 20, 8, 12, 2, 3, 3, 2, 4, 2, 3, 4, 3, 3, 4, 2, 4, 0, 2, 3, 1, 3, 2, 1, 2, 2, 1, 3, 1, 2, 0, 11.9, 15.7, 20.2, 25.8, 39.8, 58.2, 73.7, 139.1, 207.7, 402.2, 1401.8, 2559.9, 13420.9, 10, 11, 13, 13, 16, 20, 24, 27, 43, 46, 61, 66, 76, 17, 59, 39, 55;
-1, 55, 4, 1, 96, 32, 40, 51, 72, 60, 88, 24, 16, 2, 6, 1, 1, 4, 2, 4, 3, 4, 4, 4, 4, 4, 1, 2, 0, 1, 3, 1, 2, 1, 1, 1, 1, 1, 4, 3, 3, 0, 12.0, 14.3, 23.2, 22.0, 42.1, 46.2, 85.7, 124.3, 331.4, 543.5, 1642.7, 5101.3, 19263.0, 10, 10, 12, 12, 15, 17, 24, 24, 33, 33, 44, 45, 55, -19, 74, 67, 41;
1, 77, 4, 3, 48, 66, 69, 88, 44, 30, 12, 40, 20, 5, 8, 1, 3, 2, 3, 3, 4, 2, 3, 2, 4, 2, 1, 4, 0, 3, 2, 2, 1, 3, 2, 3, 1, 3, 4, 1, 4, 0, 11.3, 13.7, 16.7, 29.7, 38.0, 61.6, 118.7, 217.8, 418.8, 953.8, 2083.6, 3187.6, 40012.3, 10, 12, 14, 15, 17, 18, 21, 27, 39, 56, 60, 63, 77, 42, 35, 34, 33;
1, 85, 4, 3, 96, 48, 104, 32, 96, 42, 72, 22, 18, 24, 9, 2, 3, 4, 3, 4, 4, 4, 2, 4, 2, 2, 4, 3, 0, 1, 2, 1, 1, 1, 3, 1, 3, 3, 1, 2, 3, 0, 12.9, 13.0, 24.0, 24.8, 31.9, 50.2, 86.8, 118.0, 250.3, 639.3, 929.0, 4369.3, 19408.9, 10, 10, 11, 11, 14, 19, 24, 26, 38, 42, 58, 76, 85, 17, 68, 43, 52;
-1, 66, 4, 4, 48, 63, 72, 120, 64, 51, 48, 16, 24, 8, 2, 2, 4, 2, 3, 3, 4, 4, 3, 4, 2, 4, 2, 1, 0, 3, 2, 2, 1, 1, 2, 1, 3, 1, 3, 4, 1, 0, 10.8, 13.7, 15.3, 21.6, 28.4, 35.3, 62.9, 127.5, 256.2, 306.1, 1595.1, 9000.2, 10495.3, 10, 12, 14, 15, 25, 25, 27, 32, 35, 37, 48, 59, 66, -12, 78, 62, 65;
-1, 50, 4, 1, 72, 84, 14, 54, 48, 36, 40, 36, 3, 16, 4, 2, 1, 3, 4, 1, 3, 3, 2, 4, 3, 1, 4, 1, 0, 2, 1, 4, 2, 2, 3, 1, 2, 4, 1, 4, 1, 0, 11.1, 13.7, 19.1, 32.6, 34.8, 66.1, 109.5, 149.6, 263.2, 813.3, 964.2, 10369.9, 12644.8, 10, 11, 11, 14, 16, 17, 20, 22, 25, 34, 34, 45, 50, -10, 39, 47, 60;
0, 57, 4, 1, 72, 64, 57, 84, 69, 14, 18, 12, 8, 6, 1, 2, 1, 3, 4, 3, 4, 3, 1, 2, 3, 1, 2, 1, 0, 2, 1, 2, 1, 2, 4, 3, 2, 4, 3, 4, 1, 0, 12.6, 14.9, 17.8, 25.2, 29.9, 42.9, 92.4, 207.5, 235.3, 969.9, 1688.9, 9722.7, 11707.0, 10, 10, 10, 13, 14, 20, 22, 26, 32, 40, 41, 46, 57, 0, 51, 57, 43;
1, 70, 4, 2, 72, 44, 34, 57, 32, 64, 12, 21, 15, 8, 4, 2, 2, 3, 2, 2, 3, 2, 4, 1, 3, 3, 4, 2, 0, 2, 3, 3, 2, 3, 1, 4, 2, 2, 1, 3, 2, 0, 11.0, 13.5, 20.8, 28.8, 32.6, 57.9, 77.3, 263.8, 343.4, 641.5, 1278.0, 5336.8, 13362.9, 10, 11, 14, 15, 20, 24, 30, 40, 44, 50, 52, 57, 70, 15, 43, 50, 55;
-1, 41, 4, 2, 96, 81, 58, 15, 30, 42, 22, 6, 16, 3, 2, 1, 2, 4, 3, 2, 1, 2, 3, 2, 2, 4, 3, 1, 0, 1, 2, 3, 4, 3, 2, 3, 3, 1, 2, 4, 2, 0, 12.6, 13.0, 18.9, 31.0, 42.9, 73.1, 95.4, 245.5, 440.8, 511.0, 1536.7, 10869.5, 17118.5, 10, 10, 11, 14, 17, 18, 19, 21, 23, 25, 30, 41, 41, -17, 53, 48, 58;
-1, 44, 4, 2, 96, 27, 48, 6, 4, 24, 28, 15, 27, 6, 24, 1, 2, 4, 1, 3, 1, 4, 3, 2, 3, 3, 2, 4, 0, 1, 4, 2, 4, 1, 2, 3, 2, 2, 3, 1, 4, 0, 11.4, 11.5, 22.9, 28.1, 42.5, 41.6, 85.1, 140.9, 240.5, 497.4, 1353.2, 3305.9, 39846.1, 10, 10, 11, 11, 13, 13, 15, 18, 23, 24, 28, 29, 44, -18, 55, 62, 49;
-1, 48, 4, 1, 96, 32, 20, 66, 10, 48, 3, 28, 24, 9, 4, 1, 1, 4, 2, 2, 3, 1, 4, 1, 4, 4, 3, 2, 0, 1, 3, 3, 2, 4, 1, 4, 1, 1, 2, 3, 4, 0, 11.5, 13.5, 19.8, 25.8, 30.1, 46.6, 68.5, 107.7, 135.9, 350.5, 1531.9, 5641.7, 36677.8, 10, 10, 10, 12, 15, 18, 20, 27, 28, 30, 33, 42, 48, -11, 59, 40, 57;
1, 69, 4, 2, 72, 108, 75, 24, 24, 32, 24, 28, 5, 4, 6, 1, 2, 3, 4, 3, 3, 3, 4, 4, 2, 1, 2, 3, 0, 2, 1, 2, 2, 2, 1, 1, 3, 4, 3, 2, 4, 0, 12.4, 14.2, 15.9, 21.0, 28.1, 51.6, 90.6, 115.7, 292.9, 963.8, 2099.9, 3786.5, 37445.0, 10, 10, 10, 11, 12, 15, 19, 19, 23, 31, 40, 46, 69, 11, 58, 51, 57;
1, 64, 4, 3, 48, 104, 90, 66, 66, 14, 88, 18, 14, 6, 24, 1, 3, 2, 4, 3, 3, 3, 2, 4, 2, 2, 3, 4, 0, 3, 1, 2, 2, 2, 3, 1, 3, 3, 2, 1, 3, 0, 11.5, 14.9, 16.0, 31.3, 45.0, 64.1, 120.7, 160.9, 360.3, 946.5, 1990.0, 3571.3, 21508.1, 10, 11, 11, 15, 15, 16, 18, 18, 23, 33, 42, 56, 64, 14, 50, 38, 47;
1, 69, 4, 4, 72, 81, 112, 42, 33, 48, 26, 28, 28, 16, 16, 1, 4, 3, 3, 4, 3, 3, 4, 2, 4, 4, 4, 4, 0, 2, 2, 1, 2, 2, 1, 3, 1, 1, 1, 1, 3, 0, 11.8, 15.2, 23.0, 28.3, 39.5, 73.7, 92.8, 163.3, 189.1, 454.8, 870.8, 4822.0, 23758.4, 10, 11, 12, 12, 13, 17, 21, 27, 36, 48, 56, 58, 69, 10, 59, 47, 49;
-1, 52, 4, 2, 72, 18, 40, 68, 16, 28, 22, 56, 32, 10, 6, 2, 2, 3, 1, 2, 4, 1, 2, 2, 4, 4, 2, 2, 0, 2, 4, 3, 1, 4, 3, 3, 1, 1, 3, 3, 1, 0, 11.8, 13.4, 19.2, 26.9, 35.2, 59.9, 107.7, 148.2, 181.4, 391.5, 2307.7, 7196.8, 10428.8, 10, 11, 12, 14, 15, 16, 19, 23, 25, 25, 38, 40, 52, -19, 52, 47, 71;
-1, 46, 4, 3, 96, 63, 72, 6, 28, 7, 56, 21, 16, 6, 9, 1, 3, 4, 3, 3, 3, 2, 1, 4, 3, 4, 3, 3, 0, 1, 2, 2, 2, 3, 4, 1, 2, 1, 2, 2, 4, 0, 11.1, 14.0, 20.1, 28.0, 49.4, 87.5, 124.8, 123.3, 380.1, 656.6, 1425.2, 4939.6, 39840.2, 10, 11, 11, 11, 11, 14, 18, 18, 23, 25, 29, 39, 46, -9, 43, 55, 40;
1, 66, 4, 2, 96, 54, 136, 32, 51, 60, 39, 6, 21, 12, 1, 1, 2, 4, 2, 4, 2, 3, 3, 3, 3, 3, 4, 1, 0, 1, 3, 1, 3, 2, 2, 2, 2, 2, 1, 4, 1, 0, 12.2, 15.2, 18.7, 23.0, 42.3, 57.1, 75.8, 129.2, 194.5, 423.1, 748.9, 8837.0, 10421.7, 10, 10, 13, 15, 17, 18, 26, 38, 38, 50, 54, 66, 66, 7, 59, 59, 50;
1, 62, 4, 3, 72, 42, 30, 104, 36, 24, 12, 42, 8, 6, 8, 1, 3, 3, 2, 2, 4, 3, 3, 1, 3, 4, 3, 2, 0, 2, 3, 3, 1, 2, 2, 4, 2, 1, 2, 3, 3, 0, 11.6, 14.1, 20.2, 31.9, 35.7, 58.6, 81.2, 164.8, 250.9, 340.4, 2155.8, 5336.1, 25615.7, 10, 11, 12, 14, 14, 16, 18, 23, 28, 29, 44, 55, 62, 10, 41, 46, 52;
1, 59, 4, 3, 72, 26, 92, 24, 20, 60, 72, 56, 32, 24, 12, 1, 3, 3, 1, 4, 1, 1, 3, 4, 4, 4, 4, 4, 0, 2, 4, 1, 4, 4, 2, 1, 1, 1, 1, 1, 2, 0, 12.1, 15.5, 22.6, 29.9, 54.3, 75.3, 107.9, 166.6, 338.8, 593.2, 1254.9, 3963.0, 17104.5, 10, 11, 12, 12, 16, 18, 18, 18, 18, 20, 27, 39, 59, 1, 40, 45, 58;
1, 48, 4, 1, 96, 54, 30, 27, 27, 39, 24, 42, 4, 32, 18, 2, 1, 4, 2, 3, 3, 3, 3, 3, 3, 4, 4, 3, 0, 1, 3, 2, 2, 2, 2, 2, 2, 1, 1, 2, 2, 0, 12.6, 14.4, 21.9, 29.5, 41.9, 60.6, 114.5, 168.8, 263.9, 422.3, 837.6, 3277.6, 17337.9, 10, 10, 13, 13, 15, 16, 21, 25, 27, 27, 29, 38, 48, 3, 40, 40, 45;
